0.44501953125000004,-0.35529785156250004,9.61337890625,0.2670280933380127
0.8720947265625001,-0.14475097656250002,9.165966796875,0.28373289108276367
0.5203857421875,0.0765625,8.99130859375,0.30285143852233887
0.90439453125,0.21772460937500002,9.030786132812501,0.3229401111602783
0.7692138671875001,0.07895507812500001,9.070263671875,0.34502530097961426
0.25361328125000004,-0.07895507812500001,9.30712890625,0.36288976669311523
0.440234375,0.0945068359375,9.240136718750001,0.3828704357147217
0.3361572265625,-0.095703125,9.454272460937501,0.4029827117919922
0.6125,-0.461767578125,9.6552490234375,0.4229435920715332
0.5514892578125,-0.23925781250000003,9.05830078125,0.44289326667785645
0.49526367187500003,0.031103515625,8.938671875,0.46305370330810547
0.8194580078125001,0.26318359375,8.964990234375001,0.48322033882141113
0.68427734375,0.17465820312500002,9.130078125,0.5031607151031494
0.3923828125,-0.08493652343750001,9.1934814453125,0.523054838180542
0.36845703125,-0.0011962890625,9.282006835937501,0.5429904460906982
0.5634521484375,-0.34572753906250003,9.5045166015625,0.5630745887756348
0.8015136718750001,-0.5634521484375,9.704296875,0.5830347537994385
0.401953125,-0.3385498046875,9.18271484375,0.6030235290527344
0.41630859375,-0.0657958984375,8.862109375000001,0.6230850219726562
0.8266357421875,0.1710693359375,8.7341064453125,0.643143892288208
0.428271484375,0.232080078125,9.0439453125,0.6630382537841797
0.581396484375,-0.18662109375000002,9.151611328125,0.6831419467926025
0.25002441406250003,-0.031103515625,9.102563476562501,0.7031786441802979
0.64599609375,-0.29189453125000003,9.395654296875001,0.7259716987609863
1.117333984375,-0.5490966796875001,9.589453125,0.7552857398986816
0.35769042968750003,-0.389990234375,9.390869140625,0.7632193565368652
0.49526367187500003,-0.034692382812500006,9.0403564453125,0.7831907272338867
0.42707519531250004,0.10288085937500001,8.869287109375001,0.8032119274139404
0.2906982421875,0.212939453125,9.11572265625,0.8231990337371826
0.5945556640625,-0.1435546875,9.161181640625001,0.8432047367095947
-0.1543212890625,-0.1435546875,9.168359375000001,0.8638737201690674
0.6400146484375,-0.189013671875,9.395654296875001,0.883228063583374
0.6806884765625001,-0.3505126953125,9.529638671875,0.9032247066497803
0.332568359375,-0.2428466796875,9.309521484375,0.9234893321990967
0.4940673828125,-0.10886230468750001,9.075048828125,0.9441375732421875
0.5072265625000001,0.1064697265625,8.951831054687501,0.964231014251709
0.5957519531250001,0.11005859375,9.1875,0.9844756126403809
0.7763916015625001,-0.0251220703125,9.036767578125001,1.0033175945281982
0.3541015625,-0.16987304687500002,9.185107421875001,1.0233583450317383
0.71298828125,-0.055029296875,9.268847656250001,1.0447895526885986
0.9079833984375001,-0.3026611328125,9.090600585937501,1.063354253768921
0.485693359375,-0.21533203125000003,9.3394287109375,1.0857348442077637
0.7644287109375001,0.09929199218750001,9.017626953125001,1.1033704280853271
0.5562744140625,0.2883056640625,9.0092529296875,1.1233413219451904
0.61728515625,0.1040771484375,8.838183593750001,1.1452488899230957
0.7381103515625,-0.24643554687500002,9.0642822265625,1.1637613773345947
0.287109375,-0.48449707031250006,9.561938476562501,1.1841082572937012
0.49047851562500006,-0.22968750000000002,9.466235351562501,1.2051091194152832
0.5467041015625,-0.49885253906250004,9.461450195312501,1.2238974571228027
0.6304443359375,-1.0515380859375,9.161181640625001,1.243872880935669
-0.49765625,-2.3064453125,10.5476806640625,1.2672984600067139
1.5037353515625,-0.5514892578125,7.784252929687501,1.283886194229126
0.8840576171875001,-3.270654296875,9.747363281250001,1.3038973808288574
0.083740234375,-2.548095703125,8.7293212890625,1.3246147632598877
0.9462646484375,-3.3364501953125,9.723437500000001,1.3438661098480225
0.0095703125,-3.4823974609375004,9.310717773437501,1.3641283512115479
0.7991210937500001,-2.2394531250000003,8.998486328125,1.384354829788208
0.7859619140625,-2.5492919921875004,8.845361328125001,1.404111623764038
0.8110839843750001,-2.42607421875,9.1647705078125,1.4240541458129883
-0.50244140625,-1.906884765625,9.2197998046875,1.4440553188323975
0.3505126953125,-1.9978027343750002,9.194677734375,1.4641764163970947
0.370849609375,-2.3040527343750004,8.644384765625,1.4840672016143799
-0.68427734375,-1.9714843750000002,10.4160888671875,1.5040407180786133
-1.2261962890625,-1.320703125,9.3131103515625,1.524076223373413
-0.18781738281250002,-1.208251953125,8.988916015625001,1.544142723083496
0.0251220703125,-0.8529541015625001,8.519970703125,1.5641636848449707
-0.06340332031250001,-0.052636718750000006,8.8824462890625,1.5840959548950195
-0.8122802734375001,-0.9319091796875001,9.381298828125,1.6040630340576172
-0.026318359375000003,0.322998046875,8.716162109375,1.6243414878845215
-1.0587158203125,0.44501953125000004,7.446899414062501,1.644277811050415
0.0095703125,-0.09689941406250001,10.6840576171875,1.6665496826171875
-0.6735107421875001,-0.356494140625,8.87646484375,1.6844139099121094
-1.0491455078125,0.5945556640625,8.0354736328125,1.7041699886322021
-1.069482421875,-0.0921142578125,10.819238281250001,1.7241625785827637
0.38879394531250006,0.677099609375,7.6909423828125005,1.744201421737671
0.7584472656250001,1.1101562500000002,10.941259765625,1.765104055404663
-1.73701171875,0.58857421875,8.7532470703125,1.7877168655395508
0.136376953125,1.0395751953125,8.26875,1.804328441619873
-0.14594726562500002,0.9079833984375001,10.6720947265625,1.8243968486785889
0.701025390625,0.8661132812500001,7.68974609375,1.8443644046783447
-1.15322265625,0.3385498046875,9.036767578125001,1.8643665313720703
0.0945068359375,0.5634521484375,9.7820556640625,1.8850533962249756
0.48928222656250003,-0.0155517578125,8.567822265625,1.904829502105713
0.0705810546875,-0.1495361328125,9.616967773437501,1.9244718551635742
-0.46894531250000004,0.29189453125000003,8.902783203125,1.9443678855895996
0.47133789062500003,0.12680664062500002,8.533129882812501,1.9663975238800049
0.657958984375,-0.050244140625,10.107446289062501,1.9843676090240479
1.0024902343750002,-0.10168457031250001,8.8525390625,2.0072226524353027
0.3349609375,0.19140625,9.228173828125001,2.0243678092956543
-0.5072265625000001,0.27275390625,9.577490234375,2.04439115524292
-0.1949951171875,-0.6890625,8.4302490234375,2.064692974090576
0.33017578125,-0.5538818359375001,9.42197265625,2.084641218185425
0.23327636718750003,-0.3923828125,9.1599853515625,2.1045470237731934
-0.49526367187500003,-1.1974853515625001,9.840673828125,2.124467372894287
-0.21772460937500002,-0.6065185546875,10.053613281250001,2.1444356441497803
0.28591308593750003,-0.6089111328125001,8.5379150390625,2.16450834274292
-0.38520507812500004,-0.366064453125,9.1396484375,2.1845052242279053
-0.552685546875,0.07895507812500001,8.4876708984375,2.2063212394714355
0.41630859375,0.20576171875000002,8.0952880859375,2.2244341373443604
0.74169921875,0.064599609375,10.058398437500001,2.2446377277374268
0.23566894531250002,-1.10537109375,9.1695556640625,2.264875888824463
0.0442626953125,-0.46535644531250003,9.888525390625,2.2847092151641846
0.179443359375,0.7751953125000001,8.3154052734375,2.3046138286590576
0.236865234375,-0.4079345703125,9.29755859375,2.324643135070801
0.136376953125,-0.1375732421875,9.898095703125001,2.34503173828125
-0.0897216796875,0.18662109375000002,8.7460693359375,2.364628791809082
0.2548095703125,0.8134765625000001,8.649169921875,2.384634256362915
-0.3122314453125,0.287109375,10.070361328125001,2.4046332836151123
-0.0765625,0.32778320312500003,8.145532226562501,2.4247782230377197
-0.08493652343750001,0.19260253906250002,8.676684570312501,2.444707155227661
-0.153125,0.35529785156250004,8.851342773437501,2.464634418487549
0.3505126953125,0.23447265625000002,8.821435546875001,2.4857215881347656
0.19978027343750002,-0.5347412109375,10.048828125,2.5045976638793945
0.248828125,-0.27753906250000004,9.012841796875001,2.524967908859253
0.476123046875,-0.020336914062500003,9.585864257812501,2.5448691844940186
0.36845703125,-0.4701416015625,8.75205078125,2.5648114681243896
0.09689941406250001,0.0035888671875000003,8.610888671875001,2.584787130355835
-0.5084228515625,0.18662109375000002,9.130078125,2.6047966480255127
-0.25959472656250004,0.011962890625,9.119311523437501,2.625185251235962
-0.28232421875,-0.26198730468750003,8.425463867187501,2.6448910236358643
-0.10886230468750001,-0.5251708984375001,9.6002197265625,2.664827346801758
0.14475097656250002,-0.32180175781250003,9.3310546875,2.6848926544189453
0.07536621093750001,-0.8613281250000001,8.736499023437501,2.7057149410247803
0.5311523437500001,-1.0383789062500002,9.759326171875001,2.7250277996063232
0.42707519531250004,0.0562255859375,9.1001708984375,2.7449874877929688
0.5825927734375,0.22849121093750002,9.155200195312501,2.7648532390594482
0.36367187500000003,0.1160400390625,8.683862304687501,2.787003755569458
0.0825439453125,0.22370605468750002,9.1049560546875,2.8049137592315674
0.33974609375000003,-0.516796875,9.896899414062501,2.826429843902588
0.3170166015625,-0.31582031250000003,9.321484375,2.8449814319610596
0.16748046875,-0.10527343750000001,8.7030029296875,2.865009069442749
0.09091796875000001,-0.74169921875,9.622949218750001,2.8850252628326416
-0.11962890625000001,-0.2201171875,9.5882568359375,2.9050662517547607
1.0276123046875,-0.002392578125,9.388476562500001,2.930084705352783
0.7141845703125,0.3983642578125,8.314208984375,2.945039749145508
0.37563476562500003,0.3744384765625,9.704296875,2.9653329849243164
0.2763427734375,0.155517578125,8.6814697265625,2.9852099418640137
0.21652832031250002,-0.11962890625000001,8.51279296875,3.005110263824463
0.0861328125,-0.5156005859375,9.5715087890625,3.0251224040985107
0.2189208984375,-0.3146240234375,9.299951171875001,3.0450572967529297
0.2009765625,-0.35769042968750003,9.7437744140625,3.065070867538452
0.6543701171875,0.1854248046875,9.500927734375,3.0852949619293213
0.270361328125,0.040673828125000006,8.504418945312501,3.1051530838012695
0.6543701171875,0.3409423828125,8.78076171875,3.125152349472046
0.41870117187500006,0.035888671875,9.3609619140625,3.1453890800476074
-0.452197265625,0.02392578125,8.7173583984375,3.165769577026367
0.19260253906250002,0.21533203125000003,9.072656250000001,3.185361623764038
-0.026318359375000003,0.0478515625,9.1719482421875,3.2064599990844727
0.3541015625,-0.440234375,9.7078857421875,3.225273370742798
-0.12680664062500002,-0.4557861328125,9.0571044921875,3.2452454566955566
0.033496093750000004,-0.28591308593750003,8.79990234375,3.265282154083252
0.19140625,0.13996582031250002,9.386083984375,3.2853434085845947
0.43066406250000006,0.0011962890625,8.926708984375,3.3055012226104736
-0.095703125,-0.45100097656250004,9.7318115234375,3.325490713119507
-0.27395019531250003,0.074169921875,8.5235595703125,3.3455007076263428
0.22729492187500003,-0.3923828125,8.545092773437501,3.3655166625976562
1.0467529296875,-0.25959472656250004,9.425561523437501,3.385596513748169
0.8697021484375,-0.8900390625000001,8.9207275390625,3.4074485301971436
-0.389990234375,-1.4223876953125,9.96748046875,3.4257638454437256
-0.1160400390625,0.232080078125,8.055810546875001,3.445707321166992
-0.031103515625,-0.2428466796875,8.831005859375,3.4656715393066406
1.093408203125,-0.1854248046875,9.017626953125001,3.4856956005096436
-0.07297363281250001,-0.42707519531250004,8.318994140625001,3.509833812713623
-0.112451171875,-0.1471435546875,8.970971679687501,3.525796890258789
0.5455078125,0.0251220703125,8.79990234375,3.5455007553100586
0.4462158203125,-0.27753906250000004,8.4541748046875,3.5655148029327393
0.12800292968750002,-0.49047851562500006,10.323974609375,3.5856480598449707
-0.5490966796875001,-0.39716796875000004,9.1886962890625,3.6080358028411865
0.38520507812500004,0.155517578125,8.875268554687501,3.627927780151367
-0.04306640625,0.4557861328125,9.247314453125,3.6461050510406494
0.1782470703125,0.37802734375,8.524755859375,3.666402816772461
0.12680664062500002,0.4438232421875,9.20185546875,3.686061143875122
0.002392578125,0.6160888671875,9.165966796875,3.7063403129577637
0.52158203125,-0.16987304687500002,8.875268554687501,3.7256357669830322
-0.9546386718750001,-0.098095703125,9.1169189453125,3.7480251789093018
0.1256103515625,-0.050244140625,8.3704345703125,3.7656359672546387
-0.002392578125,0.00478515625,10.083520507812501,3.7857818603515625
0.39477539062500006,-0.019140625,10.0308837890625,3.805999517440796
0.356494140625,-0.1662841796875,8.4661376953125,3.8257386684417725
-0.3170166015625,-0.6089111328125001,9.3035400390625,3.845709800720215
0.600537109375,0.581396484375,8.742480468750001,3.8665945529937744
0.11364746093750001,0.19260253906250002,8.1311767578125,3.8858070373535156
-0.47731933593750003,-0.112451171875,9.2485107421875,3.905691623687744
0.27753906250000004,-0.17585449218750002,8.773583984375001,3.9263832569122314
0.8481689453125001,-0.24643554687500002,9.6026123046875,3.945979118347168
0.22968750000000002,-0.43903808593750004,10.0906982421875,3.966285228729248
-0.5957519531250001,-0.7991210937500001,9.8287109375,3.9859049320220947
-0.22849121093750002,0.21174316406250002,9.353784179687501,4.005791187286377
0.4677490234375,-0.29787597656250003,9.5116943359375,4.025865316390991
-0.098095703125,-0.27993164062500003,9.3501953125,4.0458643436431885
-0.21174316406250002,0.165087890625,9.646875000000001,4.065826177597046
-0.600537109375,0.2572021484375,8.6096923828125,4.086038589477539
0.63642578125,0.30983886718750003,8.998486328125,4.1060099601745605
0.42946777343750003,0.23566894531250002,8.582177734375001,4.126184463500977
0.46416015625,-0.959423828125,9.5427978515625,4.147101640701294
-0.7931396484375001,-0.6208740234375001,10.529736328125,4.166062355041504
0.48090820312500004,0.019140625,8.892016601562501,4.186038494110107
0.5359375000000001,-0.8027099609375,9.5547607421875,4.206621170043945
0.5562744140625,-0.43066406250000006,9.406420898437501,4.226968765258789
-0.437841796875,0.36127929687500004,8.5187744140625,4.245996713638306
0.08134765625000001,0.7572509765625001,9.0858154296875,4.266000986099243
0.6113037109375,1.22021484375,9.819140625000001,4.286036968231201
0.41152343750000003,1.4307617187500001,8.199365234375001,4.305972099304199
-0.1591064453125,0.5754150390625,9.622949218750001,4.328903675079346
-0.41750488281250003,0.5610595703125001,8.893212890625001,4.34600305557251
-0.5921630859375,1.5826904296875002,8.9805419921875,4.366007328033447
0.8481689453125001,0.8732910156250001,9.1109375,4.386226654052734
0.30744628906250004,0.6017333984375001,9.6145751953125,4.406160593032837
0.270361328125,0.9797607421875001,9.2413330078125,4.426173686981201
0.404345703125,0.5682373046875,9.555957031250001,4.4471354484558105
0.43066406250000006,0.45339355468750003,9.711474609375001,4.466070175170898
0.5790039062500001,0.55029296875,9.194677734375,4.486221790313721
0.47851562500000006,0.461767578125,8.630029296875001,4.506117820739746
0.8003173828125001,0.0418701171875,9.859814453125,4.527175188064575
0.46655273437500006,0.600537109375,8.577392578125,4.546125173568726
0.5790039062500001,-0.16269531250000002,9.461450195312501,4.567315340042114
0.6388183593750001,0.0155517578125,9.2197998046875,4.586291551589966
0.31582031250000003,-0.24165039062500002,8.880053710937501,4.6062891483306885
1.4187988281250001,-0.9630126953125001,9.704296875,4.627400636672974
0.2966796875,-0.538330078125,8.75205078125,4.646227836608887
0.0251220703125,-0.8051025390625001,9.0439453125,4.669681787490845
0.7500732421875,-0.38161621093750003,8.65634765625,4.686298608779907
0.4557861328125,-0.112451171875,9.2245849609375,4.706235885620117
0.287109375,-0.24045410156250002,9.0523193359375,4.72623872756958
0.3864013671875,-0.5036376953125,8.649169921875,4.746201038360596
0.8314208984375001,-0.2572021484375,9.1886962890625,4.766723155975342
0.708203125,-0.7452880859375001,9.736596679687501,4.786382675170898
0.2763427734375,-0.47492675781250004,9.071459960937501,4.806328535079956
0.051440429687500004,-0.45698242187500004,9.0810302734375,4.826676368713379
0.708203125,-0.13876953125000002,8.785546875000001,4.846477031707764
0.21772460937500002,0.24643554687500002,8.9326904296875,4.866400480270386
0.5239746093750001,0.07177734375,8.6790771484375,4.8865320682525635
0.576611328125,-0.32778320312500003,9.4758056640625,4.906432390213013
0.31582031250000003,0.0945068359375,8.970971679687501,4.926370620727539
0.8457763671875,-0.11125488281250001,8.854931640625,4.946304082870483
-0.051440429687500004,-0.4342529296875,9.7031005859375,4.9664225578308105
0.3768310546875,-0.514404296875,9.2006591796875,4.986544609069824
0.13278808593750002,0.112451171875,9.077441406250001,5.006645679473877
0.7141845703125,0.48330078125000003,9.3489990234375,5.026851177215576
0.5395263671875,0.24404296875,8.8704833984375,5.0470802783966064
0.10527343750000001,-0.22729492187500003,9.418383789062501,5.06652307510376
0.4557861328125,0.49287109375000004,9.003271484375,5.086643218994141
0.5754150390625,0.184228515625,8.600122070312501,5.106838941574097
0.20576171875000002,-0.172265625,9.945947265625001,5.126522779464722
0.013159179687500001,-0.212939453125,9.796411132812501,5.150140047073364
-0.23925781250000003,-0.19858398437500002,9.247314453125,5.166697263717651
0.6998291015625,-0.28591308593750003,9.008056640625,5.186612367630005
0.48330078125000003,-0.17465820312500002,8.863305664062501,5.208523273468018
-0.0275146484375,0.366064453125,9.317895507812501,5.226562023162842
0.44860839843750006,0.5646484375,8.468530273437501,5.246486663818359
1.375732421875,0.8541503906250001,9.165966796875,5.267434358596802
0.61728515625,0.5263671875,9.2485107421875,5.286762475967407
0.0071777343750000005,0.27993164062500003,8.682666015625001,5.306684970855713
0.3983642578125,0.2906982421875,9.096582031250001,5.326633453369141
0.34572753906250003,0.5778076171875001,9.3681396484375,5.353995323181152
0.4438232421875,-0.0825439453125,9.405224609375,5.366605281829834
0.404345703125,-0.09331054687500001,9.114526367187501,5.3866846561431885
0.15791015625000002,-0.21174316406250002,9.22578125,5.406643629074097
0.88046875,0.2141357421875,8.9494384765625,5.426750183105469
0.5251708984375001,-0.10168457031250001,8.998486328125,5.4492998123168945
0.22490234375,0.155517578125,8.96259765625,5.467361211776733
0.4498046875,0.30146484375000004,8.963793945312501,5.488803863525391
0.6830810546875,0.184228515625,8.832202148437501,5.506749868392944
0.48928222656250003,-0.1351806640625,8.933886718750001,5.52677845954895
0.2572021484375,-0.48688964843750004,9.48896484375,5.546795606613159
0.1256103515625,-0.25002441406250003,9.4566650390625,5.566762447357178
0.6424072265625,-0.42109375000000004,9.292773437500001,5.586848258972168
0.58857421875,-0.0777587890625,8.981738281250001,5.606784343719482
0.370849609375,0.2380615234375,9.4805908203125,5.626856088638306
0.504833984375,0.248828125,8.9853271484375,5.64776873588562
0.576611328125,-0.055029296875,8.878857421875,5.666837453842163
0.5311523437500001,-0.40314941406250004,8.790332031250001,5.687654495239258
0.5873779296875,-0.3864013671875,9.096582031250001,5.707340240478516
0.1423583984375,-0.48330078125000003,9.777270507812501,5.727025270462036
0.6675292968750001,-0.47731933593750003,9.1779296875,5.746999979019165
0.8433837890625001,-0.705810546875,9.3394287109375,5.766922473907471
0.332568359375,-0.031103515625,9.0439453125,5.7870213985443115
0.28950195312500004,0.34572753906250003,9.206640625,5.806957721710205
0.557470703125,0.45937500000000003,8.833398437500001,5.8269944190979
0.5036376953125,0.42468261718750006,8.984130859375,5.846957206726074
0.5179931640625001,-0.0657958984375,9.449487304687501,5.866985559463501
-0.2308837890625,-0.342138671875,9.286791992187501,5.887130975723267
0.2524169921875,-0.294287109375,9.295166015625,5.907192945480347
0.48090820312500004,-0.160302734375,9.2078369140625,5.927160739898682
0.41630859375,-0.31342773437500004,9.497338867187501,5.947701930999756
0.3146240234375,-0.06340332031250001,8.8417724609375,5.9675610065460205
0.1543212890625,0.16389160156250002,9.149218750000001,5.987139701843262
0.35529785156250004,0.48928222656250003,9.2724365234375,6.00716233253479
1.0383789062500002,-0.0095703125,8.9566162109375,6.027141094207764
-0.153125,-0.31582031250000003,9.383691406250001,6.047112703323364
0.1710693359375,-0.1543212890625,9.398046875,6.071410655975342
0.4557861328125,-0.4079345703125,9.44111328125,6.0877838134765625
0.8362060546875001,-0.45100097656250004,9.572705078125,6.10716438293457
0.863720703125,-0.1435546875,8.976953125000001,6.1271679401397705
-0.0107666015625,-0.020336914062500003,8.9865234375,6.147537469863892
0.7452880859375001,0.3026611328125,8.9661865234375,6.16864013671875
0.5443115234375,0.31342773437500004,9.003271484375,6.1877453327178955
-0.0251220703125,-0.18662109375000002,9.098974609375,6.212539434432983
0.172265625,-0.1184326171875,9.2245849609375,6.2272467613220215
0.34333496093750004,0.322998046875,9.078637695312501,6.2472193241119385
0.8780761718750001,-0.1734619140625,9.7988037109375,6.267598867416382
0.40075683593750006,-0.30744628906250004,9.0439453125,6.287961959838867
0.1351806640625,-0.19978027343750002,9.051123046875,6.308038949966431
0.48928222656250003,0.8194580078125001,9.047534179687501,6.3272864818573
0.24523925781250003,0.122021484375,8.725732421875001,6.347495079040527
0.8338134765625,0.2572021484375,9.1109375,6.37207818031311
-0.08493652343750001,0.49885253906250004,8.467333984375001,6.387841701507568
0.5000488281250001,0.20935058593750003,8.875268554687501,6.410556793212891
0.6735107421875001,0.0442626953125,9.220996093750001,6.427469253540039
0.5945556640625,0.002392578125,9.3035400390625,6.44740104675293
0.49765625,-0.3409423828125,9.620556640625,6.467550039291382
0.5706298828125,0.0418701171875,9.10615234375,6.487511157989502
1.045556640625,0.031103515625,9.1408447265625,6.507386922836304
0.8864501953125,0.34931640625000004,8.7652099609375,6.527414560317993
0.141162109375,0.19738769531250003,9.2353515625,6.5474326610565186
0.43544921875000003,0.083740234375,9.066674804687501,6.567607164382935
0.504833984375,-0.058618164062500006,8.7759765625,6.587496995925903
0.19978027343750002,-0.43544921875000003,9.44111328125,6.607789754867554
0.6041259765625,-0.45698242187500004,9.414794921875,6.627614498138428
0.064599609375,-0.3864013671875,9.521264648437501,6.647549390792847
1.3147216796875,-0.40673828125000006,8.929101562500001,6.667518138885498
0.3170166015625,-0.039477539062500004,8.84296875,6.687563419342041
0.15791015625000002,0.14475097656250002,9.343017578125,6.707589149475098
0.5395263671875,0.112451171875,8.982934570312501,6.727558851242065
0.40913085937500004,0.0275146484375,8.9015869140625,6.747551918029785
0.6089111328125001,-0.34572753906250003,9.491357421875001,6.767578125
0.2428466796875,-0.4677490234375,9.365747070312501,6.787788391113281
0.0777587890625,-0.24045410156250002,9.49853515625,6.807858943939209
0.9020019531250001,-0.476123046875,9.0283935546875,6.827733278274536
0.3828125,-0.112451171875,8.869287109375001,6.8476550579071045
0.236865234375,0.1734619140625,9.2544921875,6.867648601531982
0.4198974609375,0.33735351562500004,8.9925048828125,6.888930797576904
0.784765625,0.0825439453125,8.917138671875001,6.907705783843994
0.9127685546875001,-0.165087890625,8.86689453125,6.927842855453491
-0.0490478515625,-0.47851562500000006,9.801196289062501,6.947761535644531
0.4581787109375,-0.21652832031250002,9.232958984375001,6.967721939086914
0.15073242187500002,-0.3505126953125,9.298754882812501,6.987756729125977
0.37324218750000004,-0.122021484375,9.114526367187501,7.007811069488525
0.49047851562500006,0.11364746093750001,8.976953125000001,7.027844667434692
0.160302734375,0.10168457031250001,9.347802734375001,7.0481116771698
0.27395019531250003,0.35888671875,8.677880859375001,7.067886829376221
0.7141845703125,0.172265625,9.1528076171875,7.087935209274292
0.413916015625,-0.11723632812500001,9.155200195312501,7.107869386672974
-0.131591796875,-0.13278808593750002,9.6564453125,7.127828598022461
0.8481689453125001,-0.5120117187500001,9.7700927734375,7.150136470794678
0.528759765625,-0.09091796875000001,9.5882568359375,7.168657541275024
0.5323486328125,-0.013159179687500001,9.1719482421875,7.1891467571258545
0.318212890625,-0.1734619140625,9.37890625,7.209920406341553
0.5550781250000001,0.5562744140625,8.790332031250001,7.229949951171875
0.576611328125,0.6041259765625,9.258081054687501,7.2490785121917725
0.629248046875,0.23925781250000003,9.240136718750001,7.268081426620483
0.12082519531250001,0.41870117187500006,9.0977783203125,7.288147211074829
-0.039477539062500004,0.342138671875,9.226977539062501,7.308046340942383
0.7644287109375001,-0.13996582031250002,9.705493164062501,7.332108736038208
0.4701416015625,-0.13876953125000002,9.4279541015625,7.348424434661865
0.46416015625,0.2189208984375,8.9733642578125,7.368079423904419
0.052636718750000006,0.2201171875,9.122900390625,7.388430118560791
1.1699707031250002,0.5909667968750001,9.1217041015625,7.408180475234985
0.724951171875,0.45458984375000006,9.3202880859375,7.428307294845581
-0.40554199218750003,0.21533203125000003,8.6216552734375,7.448141098022461
0.5251708984375001,0.179443359375,9.1049560546875,7.4681150913238525
0.14594726562500002,-0.016748046875000002,9.264062500000001,7.488490104675293
0.9055908203125,-0.4438232421875,9.3394287109375,7.508197546005249
0.4318603515625,-0.25600585937500003,8.9614013671875,7.530324697494507
0.32180175781250003,-0.1902099609375,9.008056640625,7.548104763031006
0.8948242187500001,-0.25959472656250004,9.3729248046875,7.568124771118164
0.5371337890625001,0.022729492187500002,8.917138671875001,7.588169574737549
0.748876953125,-0.25361328125000004,9.107348632812501,7.608194828033447
0.8493652343750001,-0.141162109375,8.601318359375,7.628225564956665
0.6268554687500001,-0.10766601562500001,9.125292968750001,7.64816951751709
0.7034179687500001,-0.5514892578125,9.419580078125001,7.668355941772461
0.653173828125,-0.5191894531250001,9.261669921875,7.68844199180603
0.0777587890625,-0.49047851562500006,9.065478515625001,7.708514451980591
0.61728515625,0.06938476562500001,8.955419921875,7.72826361656189
0.724951171875,-0.06340332031250001,9.055908203125,7.748263120651245
0.55029296875,-0.028710937500000002,8.947045898437501,7.76827335357666
0.5490966796875001,-0.055029296875,8.7101806640625,7.7883381843566895
0.7775878906250001,-0.05383300781250001,9.01044921875,7.810608863830566
0.8254394531250001,-0.3840087890625,9.1839111328125,7.829062461853027
0.33376464843750003,-0.49765625,9.486572265625,7.848314523696899
0.26796875000000003,-0.30385742187500003,9.328662109375001,7.868332386016846
0.9797607421875001,0.0095703125,8.9865234375,7.888357877731323
0.5682373046875,-0.1710693359375,9.098974609375,7.908378601074219
0.7261474609375,0.22490234375,9.0140380859375,7.930224180221558
0.40554199218750003,0.055029296875,8.694628906250001,7.948620319366455
0.6555664062500001,-0.07297363281250001,8.9685791015625,7.9689953327178955
0.701025390625,-0.18662109375000002,8.7388916015625,7.988467216491699
0.6747070312500001,-0.35769042968750003,9.419580078125001,8.0084547996521
0.46655273437500006,-0.576611328125,9.765307617187501,8.028467893600464
0.27395019531250003,-0.3241943359375,9.203051757812501,8.0487961769104
1.1675781250000001,-0.10288085937500001,8.94345703125,8.069427967071533
0.5443115234375,-0.0897216796875,9.059497070312501,8.08855414390564
0.45458984375000006,0.1734619140625,9.108544921875001,8.109735250473022
0.43066406250000006,0.19619140625,8.9087646484375,8.1287202835083
0.44143066406250003,-0.05383300781250001,8.982934570312501,8.152247190475464
0.7070068359375,-0.2548095703125,9.197070312500001,8.168593168258667
0.49885253906250004,-0.13876953125000002,9.5595458984375,8.203869104385376
0.39477539062500006,-0.08134765625000001,9.4710205078125,8.249939918518066
1.22021484375,-0.5586669921875,8.893212890625001,8.249947547912598
0.46296386718750004,-0.19738769531250003,8.917138671875001,8.256000518798828
0.6304443359375,-0.21174316406250002,9.266455078125,8.26870346069336
0.8768798828125001,-0.275146484375,8.728125,8.28868842124939
0.8290283203125001,-0.791943359375,9.107348632812501,8.30864143371582
0.7560546875,-0.7428955078125,9.017626953125001,8.328633308410645
0.275146484375,-0.9785644531250001,9.78564453125,8.348658800125122
-0.27275390625,-0.9510498046875001,9.5523681640625,8.36884617805481
1.2154296875000001,-0.6759033203125,8.564233398437501,8.388860940933228
0.42468261718750006,-0.5682373046875,9.335839843750001,8.4088613986969
0.6400146484375,-0.141162109375,8.8537353515625,8.428994417190552
0.3529052734375,-0.401953125,8.8848388671875,8.448732614517212
0.39118652343750004,-0.212939453125,9.4470947265625,8.46873426437378
1.0742675781250002,-0.3505126953125,8.8537353515625,8.488904476165771
0.160302734375,-0.7859619140625,9.6863525390625,8.508795261383057
0.1710693359375,-0.413916015625,9.521264648437501,8.529165744781494
-0.021533203125,-0.122021484375,9.754541015625001,8.54877495765686
0.7739990234375,-0.18662109375000002,9.053515625000001,8.568977355957031
0.4438232421875,0.12800292968750002,9.377709960937501,8.588927984237671
0.16987304687500002,0.270361328125,8.9255126953125,8.60892367362976
0.308642578125,0.2524169921875,9.3442138671875,8.629897594451904
0.49287109375000004,0.236865234375,8.659936523437501,8.648878574371338
0.26318359375,-0.4498046875,9.712670898437501,8.668881177902222
0.39956054687500003,-0.44860839843750006,9.497338867187501,8.688870906829834
0.3959716796875,0.0,9.4805908203125,8.709111452102661
1.0850341796875,-0.016748046875000002,9.533227539062501,8.732200145721436
0.562255859375,-0.0035888671875000003,9.2245849609375,8.749113082885742
0.3409423828125,0.3600830078125,9.150415039062501,8.769138813018799
0.49047851562500006,0.6232666015625,9.142041015625,8.789055585861206
0.3828125,0.55029296875,8.99130859375,8.809167385101318
0.600537109375,-0.074169921875,9.386083984375,8.829355001449585
-0.1543212890625,-0.07536621093750001,9.250903320312501,8.849338054656982
0.7739990234375,-0.1375732421875,9.2736328125,8.869280338287354
0.413916015625,-0.25959472656250004,9.4925537109375,8.889248132705688
0.1303955078125,-0.040673828125000006,9.407617187500001,8.909146070480347
0.40554199218750003,-0.370849609375,9.215014648437501,8.929776430130005
0.2141357421875,-0.1543212890625,9.095385742187501,8.949108600616455
0.581396484375,0.07536621093750001,9.098974609375,8.971524477005005
0.5730224609375001,0.09331054687500001,9.194677734375,8.98917531967163
0.40075683593750006,-0.179443359375,9.561938476562501,9.009353876113892
0.8493652343750001,0.013159179687500001,8.808276367187501,9.030113220214844
0.6447998046875001,-0.33017578125,9.654052734375,9.04954743385315
0.7943359375000001,-0.47492675781250004,9.724633789062501,9.072902917861938
0.7871582031250001,-0.509619140625,8.91474609375,9.0896737575531
-0.0275146484375,-0.31582031250000003,9.1456298828125,9.10934829711914
1.0180419921875001,0.0921142578125,8.792724609375,9.129211902618408
0.8290283203125001,-0.2201171875,9.3155029296875,9.149997472763062
-0.318212890625,-0.088525390625,9.247314453125,9.169289112091064
0.6436035156250001,-0.2763427734375,9.151611328125,9.189323902130127
0.30625,-0.24404296875,9.4997314453125,9.20944356918335
0.7979248046875,-0.26318359375,9.784448242187501,9.229355812072754
0.33137207031250004,0.20576171875000002,9.16357421875,9.250805377960205
-0.0610107421875,0.16867675781250002,9.0403564453125,9.269520044326782
0.729736328125,0.61728515625,9.024804687500001,9.28943657875061
0.7393066406250001,1.0515380859375,8.718554687500001,9.30957841873169
0.36845703125,0.5969482421875001,9.066674804687501,9.32951283454895
0.13996582031250002,0.6400146484375,8.9326904296875,9.34973669052124
0.68427734375,0.6747070312500001,8.8824462890625,9.369906663894653
0.6639404296875,0.37563476562500003,9.118115234375,9.38974905014038
0.33735351562500004,-0.0801513671875,9.6624267578125,9.409464359283447
0.557470703125,0.2428466796875,9.333447265625,9.429382562637329
0.30744628906250004,0.15791015625000002,9.651660156250001,9.44935393333435
1.208251953125,0.09331054687500001,9.103759765625,9.469422340393066
0.47851562500000006,0.22370605468750002,8.706591796875001,9.4893958568573
0.046655273437500006,0.5706298828125,9.377709960937501,9.509500980377197
0.7704101562500001,0.39118652343750004,8.97216796875,9.529455661773682
0.19738769531250003,0.09689941406250001,8.552270507812501,9.551340579986572
0.9917236328125001,-0.346923828125,9.6181640625,9.569773435592651
-0.46535644531250003,-0.22729492187500003,9.150415039062501,9.589607954025269
0.7093994140625001,-0.90439453125,9.649267578125,9.609578371047974
0.6591552734375,-0.0478515625,8.58935546875,9.629516124725342
0.2811279296875,-0.6017333984375001,9.125292968750001,9.6495201587677
0.9534423828125,-0.014355468750000001,9.2796142578125,9.669846296310425
-0.031103515625,0.260791015625,8.785546875000001,9.689588069915771
0.8493652343750001,-0.404345703125,9.646875000000001,9.709640979766846
0.46894531250000004,-0.485693359375,8.91953125,9.729732751846313
0.3923828125,-0.6555664062500001,9.479394531250001,9.750046014785767
0.4318603515625,-0.47133789062500003,9.4638427734375,9.76981496810913
0.8948242187500001,-0.58857421875,8.649169921875,9.789770603179932
0.49765625,-0.2906982421875,9.03916015625,9.809680938720703
0.976171875,0.10048828125,9.2963623046875,9.829941511154175
0.332568359375,0.1244140625,8.915942382812501,9.850526571273804
0.586181640625,-0.24763183593750002,9.194677734375,9.869749546051025
0.7405029296875001,-0.21054687500000002,9.1049560546875,9.892107963562012
-0.07177734375,-0.28950195312500004,9.634912109375001,9.909809589385986
0.33137207031250004,-0.38520507812500004,9.505712890625,9.929603338241577
0.8852539062500001,-0.1782470703125,8.9972900390625,9.949753999710083
0.7177734375,-0.014355468750000001,9.20185546875,9.969747543334961
0.5514892578125,0.485693359375,9.015234375,9.993245363235474
0.1830322265625,0.30744628906250004,9.0331787109375,10.010130405426025
0.6471923828125,0.22131347656250003,8.8776611328125,10.030147314071655
0.844580078125,0.0610107421875,8.888427734375,10.050015687942505
0.16748046875,-0.2201171875,9.8705810546875,10.069948434829712
0.153125,-0.2966796875,9.515283203125001,10.089895725250244
0.44501953125000004,-0.16269531250000002,9.329858398437501,10.109960317611694
1.0682861328125002,-0.18183593750000002,9.811962890625,10.129929304122925
0.3385498046875,0.22490234375,9.120507812500001,10.150243043899536
0.057421875000000004,0.31342773437500004,8.8704833984375,10.169898986816406
0.9558349609375001,0.61728515625,9.180322265625001,10.189884424209595
0.6065185546875,0.3265869140625,9.252099609375001,10.209950685501099
0.40913085937500004,-0.66513671875,8.735302734375,10.230245351791382
0.46535644531250003,-1.091015625,9.917236328125,10.24992823600769
0.8362060546875001,-0.9079833984375001,9.389672851562501,10.27286434173584
1.208251953125,-1.165185546875,9.5284423828125,10.290116548538208
0.509619140625,-0.8505615234375,9.194677734375,10.310059547424316
0.41750488281250003,-0.7452880859375001,9.1767333984375,10.330013990402222
0.36726074218750004,-0.7620361328125,9.3322509765625,10.350052118301392
0.7141845703125,-0.6926513671875001,8.676684570312501,10.37252426147461
0.23925781250000003,-1.1711669921875,9.433935546875,10.390016317367554
0.058618164062500006,-1.0874267578125,9.6480712890625,10.410141468048096
-0.0155517578125,-1.0993896484375,9.066674804687501,10.430145263671875
1.0323974609375002,-1.0024902343750002,8.72333984375,10.45017671585083
0.4797119140625,-0.36845703125,9.091796875,10.473342180252075
0.600537109375,-0.4342529296875,9.083422851562501,10.490213394165039
0.3923828125,-0.45698242187500004,8.998486328125,10.510169506072998
0.6639404296875,-0.356494140625,9.078637695312501,10.530145645141602
0.9175537109375,-0.533544921875,9.658837890625001,10.550121784210205
0.30625,-0.46296386718750004,9.223388671875,10.570194959640503
-0.16389160156250002,-0.3361572265625,9.35498046875,10.59300947189331
0.4880859375,0.21652832031250002,8.663525390625,10.610204458236694
0.815869140625,0.098095703125,9.1121337890625,10.630194664001465
0.287109375,-0.033496093750000004,9.2437255859375,10.650177478790283
0.058618164062500006,0.1830322265625,8.8525390625,10.671535730361938
0.2763427734375,0.21772460937500002,9.0499267578125,10.693817138671875
0.6113037109375,0.248828125,9.2317626953125,10.711317777633667
0.5706298828125,-0.08493652343750001,9.481787109375,10.730471849441528
0.42946777343750003,-0.112451171875,9.82392578125,10.750406742095947
0.7093994140625001,-0.098095703125,8.953027343750001,10.771124124526978
0.5718261718750001,0.12082519531250001,9.749755859375,10.790327310562134
0.5778076171875001,0.18662109375000002,9.209033203125001,10.813668012619019
0.05383300781250001,0.437841796875,9.1121337890625,10.830394744873047
0.85654296875,0.31582031250000003,9.0882080078125,10.850385904312134
0.32539062500000004,0.12321777343750001,8.6611328125,10.870394229888916
0.3648681640625,-0.1710693359375,9.7700927734375,10.890517473220825
-0.12321777343750001,-0.184228515625,9.223388671875,10.910600900650024
0.4916748046875,-0.5443115234375,9.424365234375001,10.930522918701172
0.9259277343750001,-0.47731933593750003,9.4470947265625,10.950452089309692
0.5455078125,-0.33735351562500004,9.34541015625,10.970447301864624
0.4498046875,0.2021728515625,9.098974609375,10.990468502044678
0.47133789062500003,0.251220703125,8.7388916015625,11.010499715805054
0.46416015625,0.212939453125,9.365747070312501,11.03055214881897
0.87568359375,0.040673828125000006,9.352587890625001,11.050488471984863
-0.5455078125,-0.3002685546875,8.833398437500001,11.071349620819092
0.428271484375,-0.13278808593750002,9.174340820312501,11.090529680252075
0.26198730468750003,-0.08134765625000001,9.282006835937501,11.110554933547974
0.43544921875000003,-0.428271484375,9.557153320312501,11.130475759506226
0.1064697265625,-0.34572753906250003,9.2006591796875,11.151297330856323
0.12800292968750002,0.13996582031250002,8.473315429687501,11.170630693435669
0.87568359375,0.04306640625,9.2652587890625,11.190846920013428
0.6447998046875001,-0.055029296875,9.144433593750001,11.21162223815918
0.0945068359375,-0.41750488281250003,9.414794921875,11.230568647384644
0.23447265625000002,-0.5060302734375001,9.316699218750001,11.251593828201294
0.8266357421875,-0.47731933593750003,9.633715820312501,11.270579814910889
0.29787597656250003,-0.5969482421875001,9.473413085937501,11.292128086090088
0.6041259765625,0.021533203125,8.7508544921875,11.310800790786743
0.0945068359375,-0.20935058593750003,8.9781494140625,11.330716609954834
0.5790039062500001,0.27993164062500003,8.963793945312501,11.350841999053955
0.7261474609375,0.165087890625,9.1217041015625,11.370813131332397
-0.019140625,-0.5371337890625001,9.2532958984375,11.390743970870972
0.34453125,-0.18781738281250002,8.426660156250001,11.411195039749146
0.2906982421875,0.034692382812500006,9.4159912109375,11.430806875228882
1.1711669921875,-0.57421875,9.6983154296875,11.450749635696411
0.28591308593750003,-0.46057128906250006,9.282006835937501,11.470855951309204
-0.528759765625,-0.26557617187500004,8.791528320312501,11.490782737731934
0.39716796875000004,0.05981445312500001,9.2532958984375,11.510738849639893
0.9546386718750001,0.1782470703125,8.823828125,11.530769348144531
-0.0095703125,-0.2524169921875,9.234155273437501,11.55073857307434
-0.12680664062500002,-0.14475097656250002,8.984130859375,11.5707848072052
0.6208740234375001,-0.2906982421875,8.6384033203125,11.592084646224976
0.7393066406250001,-0.045458984375000004,9.142041015625,11.611051321029663
0.39477539062500006,-0.8290283203125001,9.700708007812501,11.632808208465576
-0.1160400390625,-0.33735351562500004,9.4112060546875,11.650826215744019
0.586181640625,0.16987304687500002,8.933886718750001,11.670844078063965
1.0599121093750001,-0.026318359375000003,9.29755859375,11.690836668014526
0.504833984375,-0.12680664062500002,9.046337890625,11.71087908744812
0.2787353515625,0.401953125,8.957812500000001,11.730901956558228
0.6268554687500001,0.15791015625000002,9.0331787109375,11.750890970230103
-0.11125488281250001,-0.22968750000000002,8.9302978515625,11.771237134933472
0.6519775390625,-0.3959716796875,9.261669921875,11.791057825088501
0.021533203125,-0.47133789062500003,9.670800781250001,11.81112003326416
0.24045410156250002,-0.56943359375,9.8287109375,11.831578016281128
0.8613281250000001,-0.251220703125,8.909960937500001,11.851006984710693
0.20456542968750002,-0.0179443359375,9.3083251953125,11.871057033538818
0.5120117187500001,0.3002685546875,9.0738525390625,11.891011476516724
0.23327636718750003,0.33974609375000003,8.994897460937501,11.911373615264893
0.9031982421875001,0.19858398437500002,8.9972900390625,11.93107295036316
0.212939453125,-0.18662109375000002,9.01044921875,11.951165676116943
-0.14594726562500002,-0.088525390625,9.271240234375,11.971061944961548
-0.04306640625,-0.14475097656250002,9.390869140625,11.991088151931763
0.7955322265625001,-0.3768310546875,9.170751953125,12.011145114898682
0.708203125,-0.370849609375,9.7677001953125,12.031200885772705
0.6077148437500001,-0.35888671875,8.7771728515625,12.051432847976685
-0.12321777343750001,-0.028710937500000002,9.376513671875001,12.071271419525146
0.9091796875000001,0.45339355468750003,8.5905517578125,12.091344356536865
0.4342529296875,0.05981445312500001,9.549975585937501,12.111451864242554
0.24404296875,-0.189013671875,9.1575927734375,12.13123631477356
0.046655273437500006,-0.19858398437500002,8.8010986328125,12.151321649551392
0.36127929687500004,-0.064599609375,9.628930664062501,12.171142578125
1.1197265625000001,-0.1495361328125,9.156396484375001,12.191214323043823
0.24523925781250003,-0.33974609375000003,9.25927734375,12.220758438110352
0.095703125,-0.21174316406250002,8.689843750000001,12.232612609863281
0.42109375000000004,-0.8649169921875001,9.6959228515625,12.251542329788208
0.8469726562500001,-0.729736328125,8.929101562500001,12.271358966827393
0.06699218750000001,-1.05751953125,9.357373046875,12.291271924972534
-0.2189208984375,-1.4666503906250001,9.299951171875001,12.31133484840393
0.41271972656250006,-1.6018310546875,9.553564453125,12.33166217803955
1.031201171875,-1.4247802734375001,9.4638427734375,12.351340055465698
0.3122314453125,-1.6760009765625001,9.238940429687501,12.371285915374756
-0.1160400390625,-1.3864990234375,9.1958740234375,12.391343116760254
-0.19140625,-0.6998291015625,9.298754882812501,12.41139817237854
0.3146240234375,-0.49645996093750006,8.947045898437501,12.431471109390259
0.0071777343750000005,-1.2034667968750001,9.682763671875001,12.45201826095581
0.43305664062500004,-0.8062988281250001,8.826220703125001,12.471429109573364
-0.1435546875,-1.016845703125,9.3489990234375,12.491661071777344
0.61728515625,-0.294287109375,9.790429687500001,12.513434171676636
-0.039477539062500004,-0.9797607421875001,9.132470703125001,12.531489133834839
-0.06220703125,-0.26557617187500004,8.12998046875,12.555362701416016
-0.9020019531250001,-0.3265869140625,10.845556640625,12.573801755905151
0.44860839843750006,0.440234375,8.3560791015625,12.592440128326416
0.15073242187500002,0.9809570312500001,8.266357421875,12.611521482467651
-0.3481201171875,-0.020336914062500003,9.8765625,12.631615161895752
-0.022729492187500002,-0.2930908203125,8.921923828125001,12.651538133621216
-0.6304443359375,0.47373046875,8.2125244140625,12.672059774398804
0.6878662109375,-0.189013671875,10.040454101562501,12.692939043045044
-0.251220703125,0.014355468750000001,8.9542236328125,12.711735486984253
-0.648388671875,0.44262695312500006,8.4123046875,12.73164701461792
-0.08134765625000001,0.19738769531250003,10.2222900390625,12.751601457595825
0.07177734375,0.141162109375,8.905175781250001,12.77156925201416
0.00478515625,0.19738769531250003,9.237744140625,12.791610479354858
-0.275146484375,0.7177734375,8.9302978515625,12.811690330505371
-0.3050537109375,0.61728515625,8.432641601562501,12.831730365753174
1.0048828125,0.413916015625,9.591845703125001,12.851660013198853
-0.3600830078125,-0.27155761718750004,9.1049560546875,12.885747909545898
0.172265625,0.10288085937500001,8.6384033203125,12.891669511795044
-0.452197265625,-0.22849121093750002,9.4518798828125,12.911718368530273
0.1854248046875,-0.1435546875,9.8107666015625,12.931918382644653
-0.16987304687500002,-0.3002685546875,8.917138671875001,12.951865196228027
0.1662841796875,-0.074169921875,9.1217041015625,12.972450017929077
0.0921142578125,-0.19978027343750002,9.524853515625,12.992090940475464
-0.5670410156250001,0.19738769531250003,8.670703125000001,13.011803388595581
-0.1435546875,-0.35769042968750003,9.4351318359375,13.033013105392456
0.1040771484375,-0.08732910156250001,9.1575927734375,13.051771640777588
0.5706298828125,-0.41511230468750004,8.91953125,13.071881771087646
0.8003173828125001,-0.5538818359375001,9.862207031250001,13.091916561126709
0.055029296875,0.30385742187500003,9.218603515625,13.111981868743896
-0.27993164062500003,0.1256103515625,8.309423828125,13.135420322418213
0.050244140625,-0.16987304687500002,9.0929931640625,13.152710437774658
0.768017578125,-0.07536621093750001,9.237744140625,13.171841621398926
0.7189697265625,0.25002441406250003,8.448193359375,13.19186806678772
-0.7907470703125,0.08732910156250001,9.2174072265625,13.211865663528442
0.1591064453125,-0.6232666015625,9.305932617187501,13.233482122421265
0.43305664062500004,0.2524169921875,9.3513916015625,13.253459692001343
0.34453125,0.3505126953125,9.046337890625,13.271969079971313
-0.1495361328125,-0.28352050781250004,9.609790039062501,13.291929721832275
-0.6065185546875,0.7572509765625001,9.244921875000001,13.314520120620728
1.1699707031250002,0.8242431640625001,8.814257812500001,13.333134174346924
0.7763916015625001,1.0898193359375001,8.700610351562501,13.353232145309448
-0.71298828125,0.440234375,9.143237304687501,13.373753547668457
0.046655273437500006,0.39118652343750004,9.310717773437501,13.392163038253784
0.05981445312500001,0.6388183593750001,8.5020263671875,13.413758516311646
0.5778076171875001,0.2583984375,9.478198242187501,13.439178466796875
0.21174316406250002,0.1303955078125,9.772485351562501,13.46299433708191
0.141162109375,0.2308837890625,9.215014648437501,13.472251892089844
0.7979248046875,0.452197265625,9.481787109375,13.492221117019653
0.38161621093750003,-0.020336914062500003,9.61337890625,13.512329816818237
0.8553466796875001,0.19140625,9.0020751953125,13.53214430809021
-0.366064453125,-0.0897216796875,9.292773437500001,13.552275896072388
1.327880859375,-0.031103515625,8.9087646484375,13.572374105453491
0.5347412109375,0.30744628906250004,8.505615234375,13.592346906661987
-0.155517578125,-0.13278808593750002,9.663623046875001,13.612401247024536
0.3541015625,-0.5036376953125,8.809472656250001,13.632292032241821
0.42587890625,0.2189208984375,9.40283203125,13.652252197265625
0.8062988281250001,-0.55029296875,10.0189208984375,13.672284126281738
0.9175537109375,-0.9426757812500001,8.8417724609375,13.692278146743774
-0.26198730468750003,-0.7141845703125,9.017626953125001,13.71233868598938
0.7931396484375001,-0.0179443359375,9.047534179687501,13.732371091842651
0.90439453125,0.2021728515625,8.8944091796875,13.7529137134552
0.5203857421875,-0.6077148437500001,9.125292968750001,13.7723388671875
0.12680664062500002,-0.370849609375,9.3848876953125,13.79233694076538
0.16389160156250002,-0.581396484375,8.933886718750001,13.812543392181396
0.5837890625000001,-0.6567626953125001,9.3274658203125,13.832539081573486
0.516796875,-1.093408203125,9.97705078125,13.852458000183105
0.2966796875,-0.6567626953125001,9.3513916015625,13.872750043869019
0.06340332031250001,-0.18781738281250002,8.8525390625,13.892401456832886
0.7668212890625,-0.6148925781250001,9.322680664062501,13.912422895431519
0.3481201171875,0.088525390625,8.951831054687501,13.932459115982056
0.20576171875000002,-0.055029296875,8.833398437500001,13.954542398452759
0.5191894531250001,0.051440429687500004,9.06787109375,13.972429513931274
0.287109375,-0.3541015625,9.113330078125001,13.99264645576477
0.23925781250000003,-0.29787597656250003,8.969775390625001,14.012736558914185
0.236865234375,0.2141357421875,9.102563476562501,14.032644033432007
0.5670410156250001,0.020336914062500003,9.042749023437501,14.05259656906128
0.720166015625,-0.248828125,9.508105468750001,14.07323932647705
0.4557861328125,0.4198974609375,8.641992187500001,14.092529296875
0.0825439453125,0.3720458984375,9.103759765625,14.112605810165405
0.892431640625,0.7022216796875,9.042749023437501,14.132606506347656
0.8912353515625001,-0.16269531250000002,8.509204101562501,14.153005361557007
0.9773681640625,-0.040673828125000006,8.91474609375,14.17257571220398
-0.21533203125000003,-0.40075683593750006,9.66123046875,14.192965507507324
0.2548095703125,-0.24643554687500002,9.261669921875,14.212547063827515
0.729736328125,-0.25600585937500003,9.7461669921875,14.233087539672852
0.3146240234375,0.0418701171875,9.821533203125,14.255986452102661
0.629248046875,-0.24523925781250003,8.728125,14.280200719833374
-0.15791015625000002,-0.153125,9.3729248046875,14.30411696434021
0.6663330078125,0.48688964843750004,9.358569335937501,14.31294846534729
0.8744873046875,0.7261474609375,9.261669921875,14.332784175872803
0.31103515625,0.5311523437500001,9.1360595703125,14.352713584899902
-0.16389160156250002,0.26796875000000003,8.936279296875,14.372703552246094
0.33735351562500004,0.3828125,9.1049560546875,14.392687559127808
0.9606201171875001,0.10288085937500001,9.5762939453125,14.412961483001709
0.308642578125,0.19978027343750002,9.173144531250001,14.433076858520508
0.33137207031250004,0.013159179687500001,9.575097656250001,14.453048706054688
0.2572021484375,0.26557617187500004,9.346606445312501,14.473135709762573
0.6352294921875,-0.112451171875,9.13486328125,14.493290901184082
0.6029296875000001,0.5873779296875,8.97216796875,14.513082265853882
0.1543212890625,0.2787353515625,9.1839111328125,14.53300166130066
0.232080078125,0.136376953125,9.0858154296875,14.552953004837036
0.5299560546875001,0.0562255859375,8.9135498046875,14.57297396659851
0.248828125,-0.29548339843750004,9.557153320312501,14.592994928359985
0.552685546875,-0.30625,9.657641601562501,14.613019943237305
0.10886230468750001,-0.1256103515625,9.520068359375001,14.6331045627594
1.3410400390625001,-0.5873779296875,9.316699218750001,14.652972221374512
0.31342773437500004,-0.2691650390625,8.96259765625,14.673024654388428
0.23447265625000002,0.19738769531250003,9.142041015625,14.693053960800171
0.4438232421875,0.5203857421875,8.899194335937501,14.71304965019226
0.43903808593750004,-0.0921142578125,9.18271484375,14.736103534698486
1.03359375,-0.189013671875,9.22578125,14.753401279449463
-0.33974609375000003,-0.42468261718750006,9.640893554687501,14.773913860321045
0.669921875,-0.236865234375,8.99609375,14.793277025222778
0.9307128906250001,-0.50244140625,9.433935546875,14.8130784034729
0.3648681640625,-0.5945556640625,9.232958984375001,14.833162069320679
-0.058618164062500006,-0.0897216796875,9.2317626953125,14.853138208389282
0.153125,0.5419189453125001,8.816650390625,14.883818626403809
0.31103515625,0.2428466796875,9.6181640625,14.894818544387817
0.88046875,0.0155517578125,9.167163085937501,14.918541431427002
-0.5443115234375,-0.1423583984375,9.101367187500001,14.933340549468994
0.605322265625,-0.2308837890625,9.051123046875,14.953370809555054
0.8027099609375,-0.346923828125,9.673193359375,14.973450660705566
0.2189208984375,-0.5514892578125,9.8,14.997356653213501
0.74169921875,-0.5969482421875001,9.122900390625,15.013633489608765
0.20456542968750002,0.057421875000000004,9.098974609375,15.033386468887329
0.772802734375,0.1854248046875,8.785546875000001,15.053661584854126
0.8529541015625001,0.5251708984375001,8.707788085937501,15.075353384017944
0.24045410156250002,-0.49287109375000004,9.144433593750001,15.093343734741211
0.09331054687500001,-0.5347412109375,8.744873046875,15.11472225189209
0.2260986328125,0.172265625,9.383691406250001,15.133418798446655
1.136474609375,-0.033496093750000004,9.63251953125,15.154590845108032
0.136376953125,-0.3361572265625,8.9326904296875,15.177093505859375
0.06220703125,-0.29548339843750004,9.49375,15.19373083114624
0.36127929687500004,0.112451171875,8.75205078125,15.218638181686401
0.3864013671875,0.1734619140625,8.981738281250001,15.233522176742554
1.0742675781250002,-0.7739990234375,9.1815185546875,15.253425359725952
-0.30744628906250004,-0.6687255859375001,8.9865234375,15.275491952896118
0.7991210937500001,-1.0132568359375,8.396752929687501,15.294632196426392
0.4880859375,-1.5779052734375,9.060693359375001,15.313647747039795
0.16269531250000002,-1.7860595703125002,9.76171875,15.33361029624939
-0.0322998046875,-1.796826171875,9.467431640625001,15.35353398323059
0.784765625,-1.3015625000000002,8.716162109375,15.373403310775757
0.5251708984375001,-0.8541503906250001,9.383691406250001,15.393447637557983
0.6160888671875,-1.2776367187500002,8.832202148437501,15.413671970367432
0.27753906250000004,-1.1185302734375,8.8824462890625,15.43375539779663
0.19260253906250002,-0.6591552734375,8.5953369140625,15.453619956970215
0.10886230468750001,-0.9486572265625001,8.994897460937501,15.473805665969849
0.24523925781250003,-0.9821533203125,9.024804687500001,15.493868589401245
0.5825927734375,-0.4880859375,9.558349609375,15.513890981674194
-0.9737792968750001,-1.605419921875,9.778466796875001,15.533764600753784
-0.3146240234375,-0.13398437500000002,8.371630859375001,15.553689241409302
-0.002392578125,0.7991210937500001,9.191088867187501,15.573558330535889
-0.593359375,-0.4318603515625,9.156396484375001,15.593628644943237
0.09689941406250001,-0.11962890625000001,9.6911376953125,15.613667249679565
-0.8134765625000001,0.605322265625,9.381298828125,15.634047746658325
0.7596435546875,-0.09689941406250001,8.831005859375,15.653676509857178
-0.088525390625,0.24763183593750002,9.0260009765625,15.673616886138916
0.0155517578125,-0.0562255859375,9.914843750000001,15.697976350784302
0.24763183593750002,-0.275146484375,9.382495117187501,15.713974475860596
-0.332568359375,0.47492675781250004,9.2891845703125,15.733861207962036
-0.5359375000000001,0.27395019531250003,9.37412109375,15.753828525543213
-0.06220703125,0.5084228515625,8.529541015625,15.774075508117676
0.0705810546875,0.9271240234375001,9.545190429687501,15.794103860855103
-0.033496093750000004,0.380419921875,9.4518798828125,15.81416630744934
0.035888671875,0.20576171875000002,8.959008789062501,15.834034204483032
0.2380615234375,0.33974609375000003,8.75205078125,15.853902339935303
-0.1495361328125,-0.5036376953125,10.04404296875,15.873834371566772
0.06699218750000001,0.44860839843750006,9.371728515625001,15.89382290840149
0.49645996093750006,-0.16269531250000002,9.371728515625001,15.913910388946533
-0.4581787109375,-0.7369140625,10.0500244140625,15.933935165405273
-0.064599609375,0.1710693359375,9.042749023437501,15.95392632484436
-0.051440429687500004,0.14833984375,8.9135498046875,15.97383165359497
1.1962890625,0.533544921875,8.564233398437501,15.994990348815918
0.18662109375000002,-0.509619140625,9.179125976562501,16.01502776145935
0.172265625,-0.1303955078125,9.194677734375,16.03772473335266
0.97138671875,0.034692382812500006,8.432641601562501,16.054267644882202
0.5431152343750001,-0.5443115234375,9.813159179687501,16.07417321205139
-0.5790039062500001,-0.61728515625,9.238940429687501,16.093961477279663
-0.47373046875,-0.18183593750000002,9.431542968750001,16.11396074295044
0.959423828125,-0.7213623046875001,9.4171875,16.14165496826172
0.6794921875000001,0.8362060546875001,8.91474609375,16.15421748161316
-0.1423583984375,-0.1591064453125,8.7460693359375,16.17393970489502
-0.18781738281250002,-0.4198974609375,9.1001708984375,16.193903923034668
-0.15791015625000002,0.14475097656250002,9.059497070312501,16.214866161346436
0.9127685546875001,-0.035888671875,8.5654296875,16.23494529724121
-0.153125,0.031103515625,9.788037109375,16.255046129226685
-0.8098876953125,0.61728515625,8.941064453125001,16.274194717407227
0.366064453125,0.2260986328125,8.6515625,16.296706438064575
0.1495361328125,0.863720703125,8.9374755859375,16.314340114593506
-0.09689941406250001,0.6687255859375001,9.2365478515625,16.335195779800415
0.0861328125,0.6567626953125001,9.276025390625001,16.356024026870728
0.136376953125,1.2214111328125001,9.1217041015625,16.374986171722412
0.4222900390625,0.552685546875,8.99609375,16.394225358963013
-0.08493652343750001,0.22968750000000002,9.838281250000001,16.414940357208252
0.796728515625,-0.051440429687500004,9.1049560546875,16.435009002685547
0.5227783203125,0.2906982421875,8.868090820312501,16.455883026123047
0.7285400390625001,-0.2691650390625,9.234155273437501,16.47432565689087
0.20336914062500003,-0.45698242187500004,9.484179687500001,16.494452714920044
0.141162109375,0.20935058593750003,9.23056640625,16.515918016433716
0.9211425781250001,0.25002441406250003,8.44580078125,16.53490710258484
0.6555664062500001,-0.20576171875000002,9.610986328125001,16.554378032684326
-1.213037109375,-0.088525390625,8.737695312500001,16.574303150177002
0.13278808593750002,-0.318212890625,8.5546630859375,16.594239234924316
0.4880859375,-0.6125,9.545190429687501,16.616955041885376
1.2238037109375002,-0.6627441406250001,9.615771484375001,16.634936332702637
-0.035888671875,-0.7500732421875,9.429150390625,16.654234170913696
-0.2380615234375,-0.5084228515625,9.317895507812501,16.67427110671997
0.935498046875,-0.052636718750000006,8.878857421875,16.6942617893219
0.47731933593750003,-0.21533203125000003,8.462548828125001,16.715486764907837
0.2009765625,-0.0681884765625,9.394458007812501,16.734453201293945
-0.7704101562500001,-0.0418701171875,8.917138671875001,16.75439143180847
0.155517578125,-0.5203857421875,8.814257812500001,16.774471521377563
0.988134765625,-0.1591064453125,9.429150390625,16.79464364051819
0.552685546875,-0.677099609375,9.6672119140625,16.81749701499939
-0.3541015625,-0.236865234375,9.438720703125,16.834593534469604
-0.42348632812500003,-0.0945068359375,9.539208984375001,16.855297803878784
0.9558349609375001,-0.6567626953125001,8.792724609375,16.874715089797974
0.3541015625,-0.6974365234375001,9.717456054687501,16.89464521408081
0.06220703125,0.4821044921875,9.2891845703125,16.917332649230957
0.083740234375,0.5072265625000001,8.1527099609375,16.934703588485718
-0.3241943359375,-0.232080078125,8.8944091796875,16.957661151885986
-0.5299560546875001,-0.153125,9.622949218750001,16.97462558746338
-0.5993408203125,-0.055029296875,8.899194335937501,16.994690418243408
0.7345214843750001,-0.2069580078125,9.271240234375,17.014774322509766
-0.15192871093750002,-0.12800292968750002,9.6026123046875,17.034707069396973
0.34931640625000004,-0.389990234375,8.854931640625,17.05466914176941
-0.0370849609375,-0.27395019531250003,9.730615234375001,17.07471466064453
0.095703125,-0.028710937500000002,8.720947265625,17.095326900482178
0.6256591796875001,0.1040771484375,9.2317626953125,17.114622831344604
0.30625,-0.11005859375,9.015234375,17.134955883026123
0.37922363281250004,-0.1256103515625,8.6742919921875,17.154841661453247
0.3385498046875,0.29189453125000003,9.436328125000001,17.174617290496826
-0.19858398437500002,-0.275146484375,9.783251953125001,17.194894552230835
0.7405029296875001,-0.18662109375000002,8.982934570312501,17.214733362197876
0.3050537109375,0.15073242187500002,9.071459960937501,17.23979687690735
-0.44860839843750006,0.33974609375000003,8.984130859375,17.254849672317505
0.5203857421875,0.6507812500000001,8.8728759765625,17.274715662002563
0.48330078125000003,1.437939453125,10.438818359375,17.29617190361023
-0.3146240234375,2.7478759765625003,7.6311279296875005,17.315041542053223
0.7859619140625,0.95224609375,9.557153320312501,17.337085962295532
0.14475097656250002,1.68916015625,9.443505859375001,17.354844331741333
0.5993408203125,1.9655029296875002,8.7173583984375,17.374884605407715
0.784765625,1.6568603515625002,9.347802734375001,17.395428895950317
-0.13996582031250002,1.24892578125,9.2843994140625,17.414862632751465
0.3864013671875,1.4510986328125002,8.719750976562501,17.437350749969482
1.0838378906250001,1.1699707031250002,9.091796875,17.454824447631836
0.160302734375,0.85654296875,9.1934814453125,17.474887371063232
0.5299560546875001,0.23925781250000003,8.754443359375001,17.495882272720337
0.6950439453125,-0.3648681640625,9.2126220703125,17.5151789188385
1.1687744140625,-0.600537109375,9.418383789062501,17.535181522369385
0.5347412109375,-0.2883056640625,9.216210937500001,17.555673122406006
0.5957519531250001,-0.0478515625,8.994897460937501,17.574959754943848
0.3529052734375,-0.3170166015625,9.3801025390625,17.594995498657227
0.7070068359375,0.6747070312500001,8.280712890625,17.61506462097168
1.3745361328125,-0.055029296875,9.467431640625001,17.635068655014038
-0.19978027343750002,0.25959472656250004,8.8656982421875,17.655005931854248
0.5754150390625,-0.461767578125,9.1958740234375,17.675007581710815
1.380517578125,-0.401953125,9.16357421875,17.69500184059143
0.064599609375,-0.9366943359375001,9.669604492187501,17.71514391899109
0.7237548828125,-0.6794921875000001,9.0283935546875,17.73667597770691
0.77998046875,-0.5479003906250001,9.334643554687501,17.756767511367798
0.36367187500000003,0.5443115234375,8.7532470703125,17.77694582939148
0.5084228515625,-0.8732910156250001,9.4638427734375,17.795440673828125
0.6830810546875,-0.28352050781250004,8.634814453125001,17.815537214279175
-0.2572021484375,-0.3481201171875,9.077441406250001,17.835297107696533
1.3733398437500002,-0.6077148437500001,9.910058593750001,17.855252742767334
0.3768310546875,-0.681884765625,9.340625000000001,17.875205039978027
1.0874267578125,-0.6447998046875001,9.1875,17.89518094062805
0.2308837890625,-0.4916748046875,8.9972900390625,17.915242433547974
1.1197265625000001,-0.0777587890625,8.929101562500001,17.935367345809937
0.73212890625,0.0071777343750000005,9.2772216796875,17.955373287200928
0.389990234375,-0.0705810546875,9.0379638671875,17.97530460357666
0.58857421875,-0.06938476562500001,9.23056640625,17.995545864105225
0.3840087890625,-0.011962890625,9.4925537109375,18.01573657989502
0.9247314453125001,-0.42348632812500003,9.4650390625,18.035459995269775
0.21533203125000003,-0.09091796875000001,9.232958984375001,18.05537462234497
0.2189208984375,-0.12680664062500002,9.347802734375001,18.075485944747925
0.8051025390625001,0.31582031250000003,9.13486328125,18.095309257507324
0.6495849609375001,0.5084228515625,9.173144531250001,18.11536192893982
0.1734619140625,-0.09929199218750001,8.683862304687501,18.135326147079468
0.42707519531250004,0.112451171875,8.8944091796875,18.15591859817505
0.681884765625,0.131591796875,9.37890625,18.175310134887695
1.02880859375,-0.17585449218750002,9.3155029296875,18.195316791534424
0.1184326171875,-0.32180175781250003,9.242529296875,18.215368032455444
0.31940917968750004,-0.165087890625,9.6026123046875,18.235280990600586
0.9438720703125001,-0.8720947265625001,8.82861328125,18.256842851638794
0.476123046875,-1.399658203125,9.0642822265625,18.277244091033936
0.461767578125,-1.236962890625,8.9566162109375,18.29567003250122
0.260791015625,-1.7071044921875,8.864501953125,18.315754175186157
0.6914550781250001,-1.8602294921875002,9.22578125,18.33556628227234
1.0682861328125002,-2.0492431640625,9.6265380859375,18.3588285446167
0.46416015625,-2.0169433593750004,9.3729248046875,18.375728130340576
0.45100097656250004,-1.978662109375,8.931494140625,18.395791053771973
0.4701416015625,-1.270458984375,8.625244140625,18.41558337211609
0.5323486328125,-1.2513183593750001,9.1695556640625,18.435713529586792
0.6065185546875,-1.5623535156250001,9.777270507812501,18.45569896697998
-0.10048828125,-1.1496337890625001,8.72333984375,18.475635766983032
-0.18781738281250002,-1.2214111328125001,8.505615234375,18.495859622955322
-0.4342529296875,-1.4104248046875,9.859814453125,18.51596713066101
-0.07297363281250001,-0.8768798828125001,9.2532958984375,18.53634023666382
0.153125,-0.5598632812500001,9.156396484375001,18.55573582649231
-0.12800292968750002,-0.6436035156250001,9.170751953125,18.57571530342102
-0.3624755859375,0.275146484375,9.77607421875,18.596214532852173
0.3361572265625,0.10766601562500001,9.359765625000001,18.615764379501343
0.35529785156250004,0.11962890625000001,8.4996337890625,18.63572859764099
-0.32180175781250003,-0.0059814453125,9.563134765625001,18.657933235168457
-0.2009765625,0.48688964843750004,9.627734375000001,18.675679683685303
0.5084228515625,0.5730224609375001,9.155200195312501,18.69853925704956
0.06220703125,-0.2966796875,9.4877685546875,18.71571922302246
-0.41630859375,0.20456542968750002,9.395654296875001,18.735936164855957
-0.0442626953125,0.6089111328125001,9.5882568359375,18.755897283554077
0.5000488281250001,0.8314208984375001,8.7341064453125,18.775990962982178
-0.014355468750000001,0.485693359375,8.9374755859375,18.796508312225342
0.5120117187500001,0.39477539062500006,9.022412109375,18.81624150276184
0.30146484375000004,0.136376953125,8.9781494140625,18.836058616638184
0.1591064453125,0.07297363281250001,8.907568359375,18.85591411590576
0.1949951171875,0.2667724609375,9.748559570312501,18.875895261764526
0.284716796875,-0.251220703125,10.008154296875,18.895875930786133
0.0251220703125,0.1303955078125,9.753344726562501,18.91593050956726
0.31103515625,-0.11364746093750001,9.2891845703125,18.935977935791016
0.7524658203125001,-0.3361572265625,9.095385742187501,18.955944061279297
-0.44501953125000004,-0.294287109375,8.951831054687501,18.976001501083374
0.42468261718750006,0.6627441406250001,8.845361328125001,18.99609088897705
0.08493652343750001,0.24763183593750002,9.16357421875,19.01635432243347
0.5203857421875,-0.5371337890625001,9.561938476562501,19.036229848861694
-0.0418701171875,-0.5897705078125001,8.99609375,19.056186199188232
-0.0681884765625,-0.6447998046875001,9.6002197265625,19.076890230178833
0.6388183593750001,-0.9008056640625001,9.180322265625001,19.096031427383423
0.248828125,0.2141357421875,9.366943359375,19.11619997024536
0.5479003906250001,-0.38759765625000003,8.874072265625001,19.136074781417847
-0.33017578125,-0.8780761718750001,9.220996093750001,19.15668821334839
0.16867675781250002,0.051440429687500004,9.5416015625,19.177061080932617
0.9390869140625001,0.057421875000000004,9.120507812500001,19.196086168289185
-0.11005859375,-0.44501953125000004,9.2317626953125,19.216156244277954
0.1830322265625,-0.0035888671875000003,8.921923828125001,19.236276865005493
-0.2643798828125,-0.31582031250000003,9.414794921875,19.25673508644104
0.581396484375,-0.3409423828125,9.668408203125,19.289650201797485
0.4797119140625,-0.0418701171875,9.165966796875,19.296725749969482
-0.31342773437500004,0.19260253906250002,8.963793945312501,19.321264028549194
0.77998046875,0.1854248046875,9.237744140625,19.33635926246643
0.28950195312500004,0.2260986328125,8.964990234375001,19.356303453445435
0.33974609375000003,-0.00478515625,9.34541015625,19.376922369003296
0.38759765625000003,-0.0071777343750000005,9.223388671875,19.39622735977173
0.5239746093750001,0.7070068359375,8.993701171875001,19.416324377059937
0.586181640625,0.12800292968750002,8.8908203125,19.43635368347168
0.30385742187500003,-0.6615478515625001,9.6791748046875,19.456263303756714
-0.55029296875,-0.1303955078125,10.0392578125,19.476925373077393
-0.122021484375,-0.21054687500000002,9.13486328125,19.496298789978027
0.3026611328125,-0.034692382812500006,9.18271484375,19.517748832702637
0.38879394531250006,0.0562255859375,9.370532226562501,19.536596059799194
-0.251220703125,0.32180175781250003,9.0439453125,19.556575775146484
0.10048828125,0.42468261718750006,8.569018554687501,19.57641577720642
1.1472412109375,-0.37922363281250004,9.366943359375,19.596353769302368
0.33735351562500004,-0.45937500000000003,9.271240234375,19.6200852394104
0.0562255859375,-0.3983642578125,9.573901367187501,19.636499881744385
-0.322998046875,-0.31342773437500004,9.29755859375,19.656444787979126
0.3241943359375,-0.172265625,8.893212890625001,19.676464080810547
0.0370849609375,-0.30385742187500003,9.802392578125001,19.69637155532837
-0.031103515625,-0.26198730468750003,9.144433593750001,19.716458559036255
0.705810546875,0.12321777343750001,8.644384765625,19.736490488052368
0.4462158203125,-0.40075683593750006,9.4877685546875,19.75649905204773
0.9295166015625,-0.40913085937500004,9.151611328125,19.77649760246277
0.5837890625000001,-0.31342773437500004,9.510498046875,19.797327756881714
-0.10168457031250001,-0.8266357421875,9.85263671875,19.81689953804016
0.5108154296875,-0.629248046875,9.599023437500001,19.83767080307007
0.25002441406250003,-0.155517578125,8.790332031250001,19.856674671173096
0.5802001953125,0.24045410156250002,9.4805908203125,19.876697301864624
0.09091796875000001,0.356494140625,9.874169921875001,19.896795749664307
0.14833984375,0.3122314453125,8.768798828125,19.916628122329712
0.3864013671875,-0.12082519531250001,9.310717773437501,19.93666982650757
-0.657958984375,-0.2966796875,8.9661865234375,19.956689834594727
-0.039477539062500004,-0.208154296875,9.3322509765625,19.976619482040405
0.528759765625,-0.48090820312500004,9.479394531250001,19.99693775177002
0.095703125,-0.657958984375,9.276025390625001,20.016752004623413
-0.0945068359375,-0.28950195312500004,9.5475830078125,20.036765336990356
0.050244140625,-0.11364746093750001,8.6144775390625,20.056647539138794
0.6830810546875,0.32180175781250003,9.557153320312501,20.076885223388672
0.5299560546875001,0.41152343750000003,8.953027343750001,20.09876298904419
-0.28950195312500004,-0.2572021484375,8.473315429687501,20.11661171913147
0.48090820312500004,-0.10048828125,8.8489501953125,20.14131808280945
0.43903808593750004,-0.088525390625,9.529638671875,20.15690279006958
0.0478515625,-0.6065185546875,9.61337890625,20.176679372787476
0.05981445312500001,-0.16987304687500002,9.119311523437501,20.196709156036377
0.20336914062500003,-0.322998046875,9.3693359375,20.21800994873047
0.8768798828125001,0.21054687500000002,8.8716796875,20.238473892211914
0.476123046875,-0.6268554687500001,8.616870117187501,20.256941080093384
0.46057128906250006,-0.9845458984375001,9.283203125,20.27675199508667
0.5275634765625,-0.8254394531250001,8.26875,20.2974534034729
0.136376953125,-0.8960205078125001,9.811962890625,20.318329572677612
0.538330078125,-1.4845947265625001,9.382495117187501,20.337249994277954
0.55029296875,-1.512109375,8.9781494140625,20.357084035873413
-0.07895507812500001,-1.72744140625,9.4327392578125,20.376989603042603
-0.07536621093750001,-1.1879150390625002,8.6336181640625,20.398800134658813
-0.045458984375000004,-1.00966796875,8.844165039062501,20.41689109802246
0.3241943359375,-0.724951171875,8.497241210937501,20.439735651016235
0.5479003906250001,-1.3494140625000002,9.37890625,20.457157850265503
-0.31940917968750004,-1.2333740234375001,9.047534179687501,20.477057456970215
-0.29548339843750004,0.013159179687500001,8.670703125000001,20.497016668319702
0.3122314453125,-1.0084716796875002,9.238940429687501,20.51706886291504
-0.2189208984375,-1.4822021484375,8.8716796875,20.537123441696167
-0.5108154296875,-0.20456542968750002,9.780859375,20.557061433792114
-0.08732910156250001,0.07536621093750001,8.779565429687501,20.577054500579834
-0.026318359375000003,-0.2548095703125,9.4207763671875,20.597034454345703
-0.29787597656250003,0.370849609375,9.34541015625,20.616846561431885
-0.22490234375,0.6041259765625,8.7341064453125,20.64821743965149
-0.4438232421875,0.046655273437500006,8.572607421875,20.65707302093506
-0.1184326171875,-0.22490234375,10.3658447265625,20.67715573310852
-1.2764404296875,0.3648681640625,10.028491210937501,20.697203159332275
-0.43903808593750004,0.2428466796875,8.6814697265625,20.717374086380005
0.2883056640625,-0.5610595703125001,10.233056640625001,20.737245559692383
-0.6615478515625001,0.6029296875000001,9.430346679687501,20.76569414138794
-0.9175537109375,0.15192871093750002,8.907568359375,20.77723217010498
0.028710937500000002,0.30625,8.51279296875,20.797154903411865
0.6017333984375001,0.9103759765625,9.0331787109375,20.817421197891235
0.013159179687500001,0.22370605468750002,9.247314453125,20.83721947669983
-0.46057128906250006,0.10886230468750001,8.970971679687501,20.85727858543396
0.0657958984375,-0.20456542968750002,9.597827148437501,20.877451419830322
0.3026611328125,0.5802001953125,8.194580078125,20.897478818893433
-0.380419921875,0.064599609375,8.969775390625001,20.91848373413086
-0.332568359375,-0.557470703125,10.5046142578125,20.937379360198975
0.26557617187500004,0.4677490234375,8.054614257812501,20.957279920578003
-0.35769042968750003,-0.8027099609375,10.645776367187501,20.977262020111084
-0.4462158203125,-0.0705810546875,9.204248046875001,20.99724316596985
-0.16748046875,-0.45937500000000003,8.1646728515625,21.020312309265137
0.57421875,-0.380419921875,9.232958984375001,21.037654638290405
-0.0562255859375,-0.212939453125,10.1529052734375,21.057487726211548
-0.9773681640625,0.20336914062500003,7.987622070312501,21.08243179321289
-0.440234375,-0.46655273437500006,9.206640625,21.097264528274536
-0.18063964843750002,-0.2548095703125,8.9685791015625,21.11727738380432
0.0418701171875,0.039477539062500004,8.293872070312501,21.140877723693848
0.25002441406250003,-0.9785644531250001,9.8777587890625,21.158167123794556
0.5479003906250001,-1.091015625,9.8227294921875,21.17739701271057
0.38161621093750003,-0.5514892578125,9.551171875000001,21.197824716567993
-0.6436035156250001,-0.370849609375,7.9086669921875,21.23120379447937
-0.24523925781250003,0.16389160156250002,9.8227294921875,21.24372696876526
0.0071777343750000005,0.7153808593750001,10.056005859375,21.260308742523193
0.06340332031250001,1.225,7.662231445312501,21.277862787246704
0.6830810546875,2.583984375,10.148120117187501,21.29733896255493
-1.9224365234375,3.521875,9.2724365234375,21.31730008125305
1.3769287109375001,2.9273193359375003,8.4063232421875,21.337623596191406
-0.32060546875,2.5373291015625004,9.736596679687501,21.3609516620636
0.784765625,3.11513671875,9.2078369140625,21.37746834754944
0.322998046875,2.2932861328125003,8.70419921875,21.397427320480347
0.4797119140625,2.469140625,9.621752929687501,21.41741132736206
0.887646484375,1.9655029296875002,8.91953125,21.43750262260437
0.165087890625,1.8674072265625001,8.9135498046875,21.45757007598877
0.57421875,1.6807861328125002,8.737695312500001,21.477484464645386
0.772802734375,0.6830810546875,9.436328125000001,21.497398376464844
-0.16269531250000002,1.0180419921875001,9.071459960937501,21.51775860786438
0.30385742187500003,0.1782470703125,9.310717773437501,21.537482976913452
1.0383789062500002,-1.3625732421875,9.2437255859375,21.557499408721924
-0.1184326171875,-0.5897705078125001,9.343017578125,21.577574253082275
1.260888671875,-0.42946777343750003,8.91474609375,21.59792423248291
0.1303955078125,-0.3385498046875,8.862109375000001,21.617661952972412
0.5562744140625,0.1040771484375,8.7293212890625,21.637633562088013
1.1185302734375,-1.0276123046875,9.340625000000001,21.657594919204712
0.11962890625000001,-0.753662109375,9.1875,21.677656173706055
0.2141357421875,-0.3600830078125,9.21142578125,21.697606801986694
0.4103271484375,-1.375732421875,9.587060546875001,21.71765446662903
1.236962890625,-0.7811767578125001,9.170751953125,21.739507913589478
0.04306640625,-0.791943359375,9.012841796875001,21.75767230987549
0.21174316406250002,-0.6196777343750001,9.078637695312501,21.77798295021057
0.7165771484375001,-0.31940917968750004,8.606103515625001,21.79795503616333
0.7524658203125001,-0.63642578125,9.346606445312501,21.81780433654785
-0.08134765625000001,-0.6543701171875,9.2604736328125,21.839322805404663
0.5132080078125001,-0.7596435546875,9.485375976562501,21.858078718185425
0.5467041015625,-0.959423828125,9.644482421875,21.877805948257446
0.59814453125,-0.413916015625,9.359765625000001,21.89777660369873
0.59814453125,-0.17585449218750002,9.5284423828125,21.91830563545227
0.236865234375,-0.19140625,9.0451416015625,21.937865257263184
0.80869140625,0.21652832031250002,8.8704833984375,21.958743810653687
0.5371337890625001,0.1949951171875,8.897998046875001,21.978160858154297
0.7907470703125,-0.24045410156250002,9.34541015625,21.99792504310608
0.3241943359375,-0.31103515625,9.8514404296875,22.01782727241516
0.610107421875,-0.2201171875,9.4267578125,22.038164377212524
1.112548828125,-0.1830322265625,9.777270507812501,22.057976722717285
0.44143066406250003,-0.046655273437500006,9.2054443359375,22.077979803085327
0.634033203125,0.15671386718750002,9.389672851562501,22.097918272018433
0.610107421875,0.6412109375,9.071459960937501,22.11791968345642
0.7859619140625,0.772802734375,9.08701171875,22.151389837265015
0.5790039062500001,0.2787353515625,9.37412109375,22.158121347427368
-0.3600830078125,-0.12800292968750002,9.438720703125,22.180030584335327
0.7644287109375001,-0.021533203125,9.261669921875,22.212766885757446
0.5873779296875,-0.1040771484375,9.533227539062501,22.218074083328247
0.5108154296875,-0.26198730468750003,9.293969726562501,22.238530158996582
0.2380615234375,0.07536621093750001,9.365747070312501,22.25810718536377
0.9977050781250001,0.14475097656250002,8.6431884765625,22.278077840805054
0.9366943359375001,0.11005859375,9.430346679687501,22.29800510406494
0.58857421875,-0.0825439453125,8.974560546875,22.318011045455933
0.15791015625000002,-0.7931396484375001,9.10615234375,22.33930730819702
1.2668701171875,-0.9546386718750001,9.521264648437501,22.358104944229126
0.5610595703125001,-0.31582031250000003,8.840576171875,22.37805700302124
0.9151611328125001,-1.1592041015625,9.7820556640625,22.39806580543518
0.5371337890625001,-0.9067871093750001,9.305932617187501,22.418103456497192
0.5586669921875,-0.653173828125,8.91953125,22.438655376434326
0.6567626953125001,-0.27753906250000004,8.6994140625,22.458189964294434
0.8074951171875001,-0.6854736328125001,9.173144531250001,22.478416681289673
0.39477539062500006,-0.8170654296875001,8.749658203125001,22.498385429382324
0.5670410156250001,-0.7177734375,8.8944091796875,22.51828122138977
0.10527343750000001,-0.7213623046875001,9.811962890625,22.538313150405884
0.9319091796875001,-0.8421875000000001,9.4758056640625,22.558228015899658
0.11364746093750001,-0.30385742187500003,9.381298828125,22.57827067375183
0.3840087890625,0.2021728515625,8.7699951171875,22.598248720169067
0.437841796875,-0.021533203125,9.023608398437501,22.618216037750244
0.8062988281250001,0.0179443359375,8.903979492187501,22.63830041885376
0.11005859375,0.016748046875000002,9.2485107421875,22.658570528030396
0.20935058593750003,-0.2189208984375,9.2891845703125,22.6785569190979
0.46296386718750004,-0.251220703125,9.175537109375,22.698484897613525
1.2632812500000001,-0.248828125,9.490161132812501,22.718384981155396
0.13876953125000002,0.270361328125,9.210229492187501,22.738415479660034
0.1303955078125,0.19260253906250002,9.290380859375,22.760973691940308
0.28950195312500004,0.5562744140625,8.7508544921875,22.77844738960266
0.8708984375000001,0.6902587890625,8.907568359375,22.798391819000244
0.5754150390625,0.1734619140625,9.02001953125,22.818415880203247
-0.0765625,-0.18183593750000002,9.113330078125001,22.83847975730896
0.28352050781250004,-0.15073242187500002,9.11572265625,22.859155416488647
1.064697265625,-0.0801513671875,9.222192382812501,22.878492832183838
0.7022216796875,-0.10288085937500001,9.3501953125,22.89846920967102
0.6436035156250001,-0.035888671875,9.118115234375,22.918758869171143
0.3349609375,-0.13876953125000002,8.892016601562501,22.938597679138184
0.8708984375000001,0.3828125,9.0044677734375,22.95859956741333
0.6782958984375,0.0155517578125,9.264062500000001,22.978587865829468
-0.0059814453125,-0.083740234375,9.0977783203125,23.011476516723633
0.6675292968750001,-0.26198730468750003,9.191088867187501,23.018548727035522
0.6160888671875,-0.0681884765625,9.4088134765625,23.038573026657104
0.71298828125,-0.6089111328125001,9.8873291015625,23.06106686592102
0.7345214843750001,-0.41630859375,8.998486328125,23.078640937805176
0.21652832031250002,-0.2308837890625,8.8298095703125,23.10168170928955
0.9259277343750001,0.28232421875,9.167163085937501,23.118865251541138
0.916357421875,0.270361328125,9.06787109375,23.143330812454224
0.172265625,-0.15791015625000002,8.694628906250001,23.159632921218872
0.1830322265625,-0.19858398437500002,8.91474609375,23.178688049316406
0.37922363281250004,-0.028710937500000002,9.5703125,23.198650121688843
0.8541503906250001,-0.2906982421875,9.49853515625,23.218668460845947
0.294287109375,-0.5682373046875,9.4231689453125,23.238733768463135
0.34931640625000004,-0.8457763671875,8.395556640625001,23.258687019348145
0.6747070312500001,-1.9858398437500002,9.76171875,23.281011819839478
0.64599609375,-1.5647460937500002,8.543896484375,23.298641204833984
0.2966796875,-2.500244140625,8.883642578125,23.318695306777954
-0.1303955078125,-3.2634765625,9.9471435546875,23.338985681533813
-0.20336914062500003,-3.1486328125000003,9.119311523437501,23.379464864730835
0.724951171875,-2.928515625,8.4661376953125,23.38215184211731
1.4343505859375,-2.5038330078125,9.102563476562501,23.398935317993164
-0.380419921875,-2.1545166015625004,8.9685791015625,23.418737173080444
-0.7895507812500001,-2.485888671875,8.8417724609375,23.438987731933594
-1.1257080078125001,-3.1701660156250004,9.723437500000001,23.458863258361816
0.33017578125,-1.9116699218750002,8.527148437500001,23.479003429412842
-0.13996582031250002,-1.9391845703125001,8.844165039062501,23.49877905845642
-0.461767578125,-1.7094970703125,10.4567626953125,23.518914699554443
-0.9139648437500001,-0.9654052734375,7.4361328125,23.538841724395752
-1.3625732421875,-0.06699218750000001,8.222094726562501,23.559131622314453
-0.5909667968750001,-0.21174316406250002,9.730615234375001,23.58026623725891
-0.8912353515625001,-0.0801513671875,9.418383789062501,23.59930992126465
-0.74169921875,-0.586181640625,9.1049560546875,23.618937015533447
-1.141259765625,0.1435546875,8.9733642578125,23.639091968536377
-0.23327636718750003,-0.251220703125,11.525048828125001,23.659037351608276
-1.1041748046875002,0.28352050781250004,7.184912109375,23.68271541595459
-1.5551757812500002,1.5623535156250001,8.9255126953125,23.699626922607422
0.7189697265625,-0.5538818359375001,11.5645263671875,23.719021320343018
-0.5610595703125001,0.669921875,6.7386962890625,23.738951921463013
-1.7178710937500001,0.6603515625,8.697021484375,23.75901222229004
-0.389990234375,0.23925781250000003,10.8048828125,23.779130458831787
-0.0071777343750000005,1.4726318359375001,7.399047851562501,23.79909086227417
-1.6281494140625001,-0.7692138671875001,10.8635009765625,23.819270849227905
-1.1005859375,1.5683349609375001,8.575000000000001,23.839183807373047
-0.033496093750000004,0.0657958984375,10.107446289062501,23.859182357788086
-1.7214599609375,0.0610107421875,9.7342041015625,23.88091230392456
-0.9020019531250001,0.9139648437500001,9.5715087890625,23.899110555648804
-0.0418701171875,-0.160302734375,8.1251953125,23.9209246635437
-0.3768310546875,0.052636718750000006,10.247412109375,23.939114809036255
-1.303955078125,0.657958984375,8.713769531250001,23.95920205116272
0.10886230468750001,-0.153125,8.5080078125,23.979228019714355
-0.528759765625,1.0060791015625001,7.991210937500001,23.999357223510742
-0.3002685546875,0.772802734375,9.431542968750001,24.019484519958496
-0.7739990234375,-0.275146484375,8.2843017578125,24.03946352005005
0.21652832031250002,-1.2034667968750001,11.182910156250001,24.059356451034546
-0.39118652343750004,0.440234375,8.145532226562501,24.079519510269165
-0.0322998046875,-0.6436035156250001,8.115625000000001,24.0993709564209
-0.039477539062500004,-1.7573486328125,12.2404296875,24.119351387023926
-0.32180175781250003,-0.0657958984375,9.2413330078125,24.140912771224976
-0.41271972656250006,-0.33376464843750003,9.023608398437501,24.159913063049316
0.49526367187500003,0.4498046875,9.173144531250001,24.179317474365234
0.5969482421875001,-0.791943359375,9.438720703125,24.199307441711426
-0.8290283203125001,-0.40075683593750006,10.292871093750001,24.219358921051025
0.32539062500000004,0.17585449218750002,7.524658203125001,24.23940420150757
-1.0132568359375,-0.1423583984375,9.1647705078125,24.26041269302368
-0.97138671875,1.7071044921875,9.2843994140625,24.280431509017944
0.0059814453125,3.0660888671875,9.8,24.300440311431885
-1.4008544921875001,3.4249755859375,8.156298828125001,24.320512056350708
-0.1902099609375,3.3567871093750004,9.94833984375,24.33942461013794
0.43903808593750004,3.1617919921875,7.722045898437501,24.35961890220642
-0.12800292968750002,4.0135498046875,9.7031005859375,24.380489587783813
0.22968750000000002,4.2767333984375,9.801196289062501,24.40096664428711
0.71298828125,4.315014648437501,8.448193359375,24.41961145401001
0.5179931640625001,4.2695556640625005,9.246118164062501,24.439918994903564
1.2860107421875,3.4010498046875,8.567822265625,24.459937810897827
0.19379882812500002,1.270458984375,8.859716796875,24.479896783828735
-0.18662109375000002,-0.6304443359375,9.831103515625001,24.501826524734497
0.6747070312500001,0.46057128906250006,8.612084960937501,24.51999258995056
1.2572998046875001,-0.593359375,9.27841796875,24.53968644142151
0.22370605468750002,-0.9965087890625001,9.724633789062501,24.55973768234253
-0.05981445312500001,-0.28950195312500004,8.838183593750001,24.579622268676758
1.31591796875,-0.2966796875,8.950634765625,24.59964394569397
0.4581787109375,-0.46296386718750004,9.25927734375,24.62069034576416
0.7034179687500001,-0.5323486328125,9.162377929687501,24.64054536819458
0.5251708984375001,0.039477539062500004,8.8609130859375,24.6610004901886
0.27395019531250003,-0.10048828125,9.5703125,24.680059671401978
1.2931884765625001,-0.4701416015625,9.5475830078125,24.70156764984131
0.0921142578125,-0.260791015625,9.0822265625,24.721096754074097
0.16269531250000002,-0.36127929687500004,9.0822265625,24.740254640579224
1.0754638671875,0.22490234375,8.9673828125,24.760162830352783
0.5479003906250001,0.3720458984375,9.095385742187501,24.780116319656372
0.538330078125,-0.022729492187500002,8.89560546875,24.80134129524231
-0.50244140625,-0.9893310546875,9.895703125,24.81994390487671
1.4104248046875,0.3170166015625,8.3680419921875,24.84254026412964
0.8577392578125,-0.141162109375,9.496142578125001,24.85999870300293
-0.3828125,-0.6627441406250001,9.4207763671875,24.880027770996094
0.538330078125,-0.16748046875,8.8704833984375,24.900012731552124
0.983349609375,-0.07536621093750001,8.947045898437501,24.920292377471924
0.19858398437500002,0.016748046875000002,9.209033203125001,24.940253973007202
0.983349609375,0.36127929687500004,8.8130615234375,24.960285186767578
0.6747070312500001,-0.31582031250000003,8.75205078125,24.980778217315674
0.440234375,-1.236962890625,9.149218750000001,25.0002019405365
0.5550781250000001,-0.17705078125,8.893212890625001,25.02008295059204
1.0120605468750001,-0.452197265625,9.4650390625,25.03995418548584
0.09929199218750001,-0.6280517578125,9.442309570312501,25.06176495552063
0.30146484375000004,-0.6627441406250001,8.479296875000001,25.080485582351685
1.1161376953125002,0.236865234375,9.486572265625,25.10039496421814
0.7979248046875,-0.14833984375,8.96259765625,25.120131969451904
0.31940917968750004,-0.19619140625,8.759228515625,25.143890857696533
0.0322998046875,-0.3840087890625,8.969775390625001,25.161226511001587
0.7548583984375,-0.5682373046875,9.274829101562501,25.181154251098633
0.5299560546875001,-0.77998046875,9.3681396484375,25.20065212249756
0.40075683593750006,-0.33017578125,8.9673828125,25.220886945724487
0.184228515625,-0.3541015625,8.909960937500001,25.240172386169434
0.9486572265625001,-0.035888671875,9.1480224609375,25.26678705215454
0.7835693359375001,0.24763183593750002,8.863305664062501,25.281848430633545
0.18063964843750002,-1.0264160156250002,9.1217041015625,25.30029535293579
0.68427734375,-1.091015625,8.9614013671875,25.322202682495117
0.5299560546875001,-0.899609375,9.120507812500001,25.340145587921143
0.47851562500000006,-1.7525634765625002,9.916040039062501,25.360222578048706
0.5156005859375,-1.1448486328125,8.9255126953125,25.38026261329651
0.22729492187500003,-1.2309814453125,9.213818359375,25.400742053985596
0.8601318359375001,-0.8409912109375001,8.907568359375,25.424628019332886
0.6148925781250001,-0.8146728515625,9.304736328125001,25.44097328186035
0.184228515625,-1.1089599609375,9.35498046875,25.460355281829834
0.308642578125,-1.1352783203125,9.479394531250001,25.48107624053955
0.3122314453125,-1.2297851562500002,9.334643554687501,25.500324010849
0.5263671875,-0.6555664062500001,9.569116210937501,25.520344257354736
0.41152343750000003,-0.6615478515625001,9.579882812500001,25.54031991958618
0.22490234375,-0.370849609375,9.084619140625001,25.56035614013672
0.3361572265625,-0.1040771484375,8.736499023437501,25.58036160469055
0.624462890625,-0.16269531250000002,9.0977783203125,25.600496768951416
-0.064599609375,-0.016748046875000002,9.4829833984375,25.622019052505493
0.380419921875,-0.27275390625,9.437524414062501,25.640343189239502
0.657958984375,0.12800292968750002,9.461450195312501,25.664735794067383
1.2238037109375002,0.03828125,9.6983154296875,25.68052315711975
0.07297363281250001,0.0059814453125,9.457861328125,25.700512647628784
0.5837890625000001,-0.10766601562500001,9.24970703125,25.7213077545166
0.3481201171875,0.6519775390625,9.046337890625,25.745569229125977
0.605322265625,1.0431640625,8.9865234375,25.770419359207153
0.7165771484375001,0.7261474609375,9.352587890625001,25.783297061920166
-0.299072265625,0.10288085937500001,8.790332031250001,25.800413846969604
0.3600830078125,-0.08732910156250001,8.7951171875,25.8204243183136
0.41750488281250003,0.13398437500000002,9.130078125,25.84120774269104
0.5790039062500001,-0.3864013671875,9.467431640625001,25.860637426376343
-0.141162109375,-0.1614990234375,9.292773437500001,25.884212255477905
-0.2583984375,-0.136376953125,9.4447021484375,25.90056347846985
0.7177734375,0.2930908203125,9.1815185546875,25.92052960395813
0.557470703125,0.2930908203125,9.065478515625001,25.940518140792847
0.15073242187500002,-0.4342529296875,8.86689453125,25.960569620132446
0.41511230468750004,0.14594726562500002,8.9781494140625,25.981600761413574
0.44741210937500003,-0.013159179687500001,9.268847656250001,26.000673532485962
0.56943359375,-0.29787597656250003,9.801196289062501,26.02063274383545
0.48928222656250003,-0.30146484375000004,9.2676513671875,26.040770292282104
0.23327636718750003,-0.34453125,9.246118164062501,26.06081795692444
1.079052734375,-0.16269531250000002,8.6982177734375,26.080832719802856
0.208154296875,-0.18781738281250002,9.295166015625,26.10105037689209
0.6639404296875,-0.16748046875,9.059497070312501,26.121009588241577
0.28950195312500004,-0.20576171875000002,8.8609130859375,26.144817352294922
0.1854248046875,-0.18781738281250002,9.170751953125,26.16153359413147
0.64599609375,-0.44741210937500003,9.209033203125001,26.182106494903564
0.7560546875,-0.36726074218750004,9.5427978515625,26.206510066986084
0.0801513671875,-0.0801513671875,9.0403564453125,26.221156120300293
0.629248046875,-0.160302734375,9.16357421875,26.24263858795166
0.7285400390625001,0.074169921875,8.75205078125,26.26093101501465
0.593359375,-0.16269531250000002,9.1528076171875,26.28378391265869
-0.18662109375000002,-1.3111328125000001,8.711376953125,26.301873683929443
0.3648681640625,-1.5300537109375,8.929101562500001,26.322855710983276
1.0611083984375,-1.940380859375,9.323876953125001,26.34699559211731
0.7644287109375001,-2.75625,9.419580078125001,26.361380338668823
0.031103515625,-2.4009521484375003,8.994897460937501,26.381077527999878
0.136376953125,-1.6102050781250001,8.773583984375001,26.401052951812744
-0.66513671875,-1.3613769531250002,9.366943359375,26.42280125617981
0.3002685546875,-2.002587890625,9.0523193359375,26.441731214523315
0.7381103515625,-1.916455078125,8.7173583984375,26.462908506393433
-0.61728515625,-1.9152587890625001,10.02490234375,26.481314182281494
0.815869140625,-1.9044921875,10.376611328125001,26.60322380065918
-0.8122802734375001,-1.399658203125,9.223388671875,26.603232383728027
0.33974609375000003,-1.4295654296875,8.89560546875,26.603235483169556
-1.2118408203125002,-0.9725830078125001,9.3274658203125,26.603238344192505
-0.8816650390625,-0.34931640625000004,10.4615478515625,26.603241443634033
0.00478515625,-1.327880859375,9.1480224609375,26.603877067565918
-2.3052490234375003,1.1089599609375,7.6119873046875,26.62139368057251
0.10886230468750001,-0.7261474609375,9.9435546875,26.64264416694641
-0.9175537109375,-0.5802001953125,8.99130859375,26.661187887191772
-1.0946044921875,0.657958984375,10.6673095703125,26.68121886253357
-0.8852539062500001,-0.2883056640625,7.6598388671875,26.701179265975952
-1.5635498046875,0.8134765625000001,9.034375,26.72120714187622
-0.30625,-0.248828125,11.727221679687501,26.741465091705322
-0.095703125,0.42109375000000004,7.998388671875,26.761852264404297
-0.6471923828125,1.44990234375,7.184912109375,26.78137183189392
-0.9390869140625001,0.8792724609375001,12.0107421875,26.801310062408447
-0.624462890625,-0.49526367187500003,8.1598876953125,26.82138228416443
-0.7034179687500001,0.9390869140625001,9.2293701171875,26.841248512268066
-0.0562255859375,1.1041748046875002,8.360864257812501,26.861331701278687
-0.5120117187500001,-0.6747070312500001,8.1646728515625,26.881352424621582
-0.5072265625000001,0.031103515625,10.457958984375,26.90132427215576
-0.2966796875,0.6711181640625,8.821435546875001,26.92130422592163
-0.7177734375,-0.31582031250000003,8.976953125000001,26.941280603408813
-0.404345703125,1.0479492187500001,8.9566162109375,26.963279008865356
-0.1830322265625,-0.10527343750000001,9.512890625,26.9815890789032
-0.49047851562500006,-0.701025390625,9.1886962890625,27.0017352104187
-0.026318359375000003,-0.32060546875,9.3848876953125,27.021501779556274
-1.0706787109375,0.8051025390625001,8.91474609375,27.041501760482788
-0.2572021484375,0.31342773437500004,8.7652099609375,27.06196093559265
-0.4880859375,-0.677099609375,9.334643554687501,27.081564903259277
-1.0144531250000002,-0.5945556640625,9.872973632812501,27.101447105407715
-0.7046142578125001,0.17465820312500002,8.652758789062501,27.12135100364685
0.3002685546875,-0.6878662109375,9.1109375,27.144618272781372
-0.2906982421875,-0.8194580078125001,10.231860351562501,27.16426920890808
0.10766601562500001,-0.6388183593750001,7.8871337890625,27.18165636062622
-0.43544921875000003,-0.41870117187500006,9.9543212890625,27.201599836349487
-0.940283203125,-0.074169921875,9.724633789062501,27.221466302871704
0.5239746093750001,1.0718750000000001,7.482788085937501,27.241453409194946
-0.7512695312500001,-0.6029296875000001,10.2940673828125,27.26701545715332
-1.0359863281250001,0.20456542968750002,9.0977783203125,27.28242826461792
1.1161376953125002,1.44990234375,9.0523193359375,27.301870346069336
-1.9535400390625002,3.2622802734375003,9.103759765625,27.32217025756836
-0.20456542968750002,3.1522216796875004,8.479296875000001,27.343146085739136
-0.019140625,2.4834960937500004,10.0548095703125,27.36155414581299
-0.1902099609375,3.0876220703125004,9.3561767578125,27.3825044631958
0.28232421875,3.2072509765625004,8.6072998046875,27.40254831314087
0.7991210937500001,3.562548828125,9.7138671875,27.421422719955444
0.6986328125000001,2.7957275390625003,9.078637695312501,27.44197130203247
0.24404296875,2.6282470703125003,9.209033203125001,27.464129209518433
0.48090820312500004,2.1664794921875004,9.25927734375,27.481701135635376
0.8051025390625001,1.3362548828125,9.334643554687501,27.504920959472656
0.38879394531250006,-0.0011962890625,9.0092529296875,27.521555185317993
0.2787353515625,-0.5969482421875001,9.725830078125,27.54167342185974
1.117333984375,-0.3505126953125,8.6551513671875,27.56164789199829
0.28352050781250004,-0.2380615234375,9.457861328125,27.58162522315979
0.45698242187500004,-0.12919921875,8.7652099609375,27.601736068725586
0.7943359375000001,-0.23447265625000002,9.1001708984375,27.621817588806152
0.24404296875,0.095703125,8.492456054687501,27.64189863204956
0.7560546875,-0.3840087890625,9.419580078125001,27.66181969642639
-0.0562255859375,-0.42946777343750003,9.203051757812501,27.681766510009766
0.5670410156250001,-0.48928222656250003,9.497338867187501,27.70172095298767
0.5012451171875001,-0.49765625,8.9685791015625,27.72173762321472
0.49765625,-1.189111328125,9.54638671875,27.74172043800354
1.31591796875,0.07297363281250001,8.165869140625,27.761813163757324
0.22250976562500002,-0.401953125,9.4949462890625,27.78180694580078
0.3265869140625,-0.677099609375,8.632421875,27.801807165145874
1.3530029296875001,-0.80869140625,9.042749023437501,27.821951866149902
0.49885253906250004,-1.1915039062500001,9.4805908203125,27.841885566711426
-0.1040771484375,-1.0060791015625001,9.018823242187501,27.861868381500244
0.71298828125,-0.3122314453125,9.165966796875,27.882015705108643
0.8505615234375,-0.5251708984375001,8.988916015625001,27.901971101760864
0.562255859375,-0.25002441406250003,8.91474609375,27.92196798324585
0.15073242187500002,-0.3744384765625,8.6934326171875,27.941868543624878
0.57421875,-0.46416015625,8.740087890625,27.961920022964478
1.2537109375000002,-0.12082519531250001,9.083422851562501,27.984511613845825
0.034692382812500006,-0.4797119140625,9.186303710937501,28.001939058303833
0.6352294921875,-0.43544921875000003,9.2413330078125,28.02199363708496
0.4342529296875,-0.1902099609375,9.059497070312501,28.041954517364502
0.9677978515625001,0.039477539062500004,8.902783203125,28.062067985534668
0.3146240234375,0.1471435546875,9.066674804687501,28.086347818374634
0.098095703125,0.040673828125000006,8.7652099609375,28.10258722305298
0.2787353515625,0.11125488281250001,9.0858154296875,28.1220486164093
0.34572753906250003,0.10288085937500001,8.936279296875,28.14447283744812
1.0300048828125001,-0.12800292968750002,9.4088134765625,28.16274929046631
0.1184326171875,-0.046655273437500006,9.628930664062501,28.182947158813477
0.37324218750000004,-0.0562255859375,9.4267578125,28.202720642089844
1.1041748046875002,-0.06340332031250001,9.0164306640625,28.222065448760986
0.80869140625,0.10288085937500001,8.878857421875,28.242128610610962
0.21772460937500002,0.22849121093750002,9.2054443359375,28.26219868659973
0.8541503906250001,-1.6125976562500002,9.370532226562501,28.283092737197876
0.5730224609375001,-2.1281982421875,9.054711914062501,28.30324363708496
0.8374023437500001,-2.5851806640625004,9.0140380859375,28.33613348007202
0.356494140625,-3.4453125000000004,9.7748779296875,28.342472553253174
-0.12919921875,-3.3520019531250003,8.9805419921875,28.362276554107666
0.44501953125000004,-2.5074218750000004,8.70419921875,28.382221221923828
0.45937500000000003,-2.5157958984375,10.2773193359375,28.402267932891846
-0.10527343750000001,-3.6833740234375,9.460253906250001,28.42221426963806
-0.42587890625,-2.7861572265625,8.8010986328125,28.442415475845337
-0.8051025390625001,-2.7454833984375,9.60859375,28.462419033050537
0.44501953125000004,-2.54091796875,9.226977539062501,28.48250985145569
-0.27993164062500003,-2.8172607421875,10.191186523437501,28.502463579177856
-1.6700195312500001,-0.88046875,9.4518798828125,28.522642850875854
-0.31342773437500004,-0.15791015625000002,7.7435791015625,28.542553186416626
0.17705078125,-1.3936767578125,7.263867187500001,28.56249690055847
-0.45339355468750003,-0.7644287109375001,11.3707275390625,28.58246922492981
-0.7153808593750001,-0.1710693359375,7.249511718750001,28.606284856796265
-2.1904052734375004,-0.63642578125,9.5786865234375,28.622436046600342
-0.131591796875,0.346923828125,8.639599609375,28.642449378967285
-0.6136962890625001,-0.5730224609375001,8.628833007812501,28.662522315979004
-1.236962890625,-0.3840087890625,10.883837890625001,28.682422876358032
-0.85654296875,0.9307128906250001,7.5892578125000005,28.70276117324829
-0.8457763671875,-0.5060302734375001,8.787939453125,28.72247314453125
-1.6760009765625001,1.3709472656250001,11.362353515625001,28.742493152618408
0.4079345703125,-0.5825927734375,8.22568359375,28.76254391670227
-1.1520263671875002,0.8840576171875001,6.9301025390625,28.78305149078369
-1.0132568359375,0.3481201171875,11.962890625,28.804626941680908
0.07895507812500001,-0.31342773437500004,7.9110595703125,28.82264018058777
-0.2811279296875,1.5946533203125002,9.060693359375001,28.842920541763306
-0.3541015625,0.765625,8.833398437500001,28.862650871276855
0.0275146484375,0.25361328125000004,8.2603759765625,28.88266897201538
-0.8230468750000001,1.0036865234375,10.87666015625,28.906349658966064
-0.22729492187500003,1.2046630859375,7.7806640625000005,28.922663927078247
-0.0921142578125,0.6998291015625,8.132373046875001,28.942625045776367
-0.15671386718750002,0.4916748046875,10.137353515625001,28.963059425354004
-0.22849121093750002,0.0,8.851342773437501,28.982898235321045
-1.052734375,-0.12919921875,9.376513671875001,29.002865076065063
-0.11962890625000001,-0.5730224609375001,10.1648681640625,29.02287793159485
0.6447998046875001,-0.1614990234375,8.720947265625,29.042816877365112
-0.49047851562500006,0.07297363281250001,10.231860351562501,29.062904357910156
0.34453125,-0.41630859375,8.9925048828125,29.085344552993774
-0.768017578125,-0.31582031250000003,8.5474853515625,29.1045184135437
-0.2524169921875,-0.058618164062500006,10.478295898437501,29.122779369354248
-0.27395019531250003,0.19140625,7.7914306640625,29.144723653793335
-0.07536621093750001,-0.562255859375,8.5115966796875,29.162919998168945
-1.5300537109375,-1.0742675781250002,10.633813476562501,29.182616710662842
0.0825439453125,-0.29548339843750004,8.186206054687501,29.204264402389526
0.5084228515625,-0.8218505859375,9.234155273437501,29.22357153892517
-0.2141357421875,-1.3769287109375001,9.6181640625,29.24576735496521
-0.6017333984375001,-0.2308837890625,8.636010742187501,29.263263940811157
-0.9319091796875001,0.6388183593750001,9.382495117187501,29.28284454345703
0.8912353515625001,0.25002441406250003,9.3370361328125,29.3031165599823
-0.3409423828125,3.294580078125,9.5703125,29.324090242385864
-0.22968750000000002,4.207348632812501,7.558154296875,29.349868059158325
-0.27993164062500003,2.4978515625,10.343115234375,29.362977743148804
-0.136376953125,3.3843017578125,8.604907226562501,29.382959842681885
0.212939453125,3.5039306640625,9.4470947265625,29.403112411499023
0.5036376953125,3.8077880859375,9.410009765625,29.423320293426514
0.6412109375,3.2239990234375004,8.53193359375,29.4432315826416
0.36367187500000003,3.1498291015625,8.9446533203125,29.463183164596558
0.8421875000000001,2.2753417968750003,9.5045166015625,29.483485460281372
-0.083740234375,1.4798095703125,8.065380859375,29.503073930740356
-0.08732910156250001,-0.87568359375,9.9710693359375,29.523027896881104
0.5706298828125,0.35170898437500003,8.744873046875,29.542994737625122
0.5670410156250001,-0.9797607421875001,9.474609375,29.563243627548218
-0.1351806640625,-0.7428955078125,9.347802734375001,29.58313822746277
0.576611328125,-0.8003173828125001,8.844165039062501,29.60319685935974
0.35170898437500003,-0.47851562500000006,9.681567382812501,29.623873710632324
0.8517578125,0.42348632812500003,8.951831054687501,29.643139123916626
-0.031103515625,-0.0765625,9.13486328125,29.663452625274658
0.7584472656250001,-0.3828125,9.005664062500001,29.683430671691895
-0.051440429687500004,-0.30385742187500003,9.7940185546875,29.70335102081299
1.198681640625,-0.1256103515625,9.394458007812501,29.725459337234497
0.19260253906250002,-0.5239746093750001,9.017626953125001,29.743262767791748
0.42348632812500003,-0.36127929687500004,9.1934814453125,29.763229370117188
1.1735595703125001,-0.5132080078125001,9.418383789062501,29.7832772731781
0.4103271484375,0.0155517578125,8.472119140625,29.803324699401855
0.28591308593750003,-0.7476806640625,9.2676513671875,29.823273181915283
0.46416015625,-0.0861328125,9.0523193359375,29.844118118286133
0.7405029296875001,-0.36965332031250003,9.194677734375,29.863601684570312
0.48928222656250003,-1.141259765625,10.154101562500001,29.883499145507812
1.17236328125,0.0,8.644384765625,29.903435230255127
-0.428271484375,-0.69384765625,9.34541015625,29.92447829246521
1.4810058593750002,-0.1782470703125,9.094189453125,29.94414734840393
0.3361572265625,-0.0251220703125,8.378808593750001,29.9635066986084
0.7046142578125001,-0.5467041015625,9.246118164062501,29.983438968658447
0.8314208984375001,-0.32539062500000004,9.118115234375,30.003495693206787
0.0275146484375,-0.863720703125,9.299951171875001,30.025134086608887
1.2070556640625,-0.8948242187500001,9.6145751953125,30.044731616973877
0.5802001953125,-0.1949951171875,8.9446533203125,30.065082788467407
0.48330078125000003,-0.294287109375,9.477001953125,30.083760499954224
0.63642578125,0.19140625,8.8656982421875,30.103878021240234
0.8362060546875001,0.27395019531250003,9.2891845703125,30.124089241027832
0.5754150390625,-0.1830322265625,9.328662109375001,30.1448917388916
-0.06938476562500001,-0.2930908203125,9.1480224609375,30.16780138015747
0.6196777343750001,-0.44860839843750006,9.341821289062501,30.184801816940308
0.6208740234375001,-0.32778320312500003,9.460253906250001,30.20388889312744
0.308642578125,-0.184228515625,9.1695556640625,30.22373652458191
-0.052636718750000006,-0.1614990234375,9.0738525390625,30.254040956497192
0.24763183593750002,0.208154296875,8.8944091796875,30.263829946517944
0.648388671875,-0.1830322265625,9.24970703125,30.28379487991333
0.7393066406250001,-0.7141845703125,9.322680664062501,30.303832530975342
-0.24643554687500002,-0.8589355468750001,8.907568359375,30.32409405708313
0.4940673828125,-1.0730712890625,9.555957031250001,30.344088077545166
1.088623046875,-1.2417480468750002,9.3131103515625,30.36426281929016
0.40913085937500004,-1.1915039062500001,9.1097412109375,30.38410973548889
0.1710693359375,-0.8948242187500001,9.4566650390625,30.40467405319214
0.538330078125,-0.6424072265625,8.730517578125001,30.42377805709839
0.6316406250000001,-1.0395751953125,8.668310546875,30.44428539276123
1.0371826171875,-1.1819335937500002,9.515283203125001,30.463801622390747
0.050244140625,-1.045556640625,9.569116210937501,30.483585596084595
0.17585449218750002,-0.976171875,9.1599853515625,30.506547689437866
0.6543701171875,-0.9426757812500001,9.070263671875,30.524303197860718
0.122021484375,-0.8254394531250001,9.58466796875,30.544044494628906
0.5778076171875001,0.08732910156250001,8.742480468750001,30.563825845718384
-0.1303955078125,-0.15791015625000002,8.79990234375,30.58378577232361
0.6256591796875001,0.050244140625,8.8298095703125,30.603853464126587
0.5203857421875,0.287109375,8.811865234375,30.624100923538208
0.3983642578125,-0.6663330078125,9.4171875,30.64711570739746
0.23566894531250002,0.0825439453125,9.7437744140625,30.663923501968384
0.9187500000000001,0.29548339843750004,9.228173828125001,30.68386197090149
1.5767089843750002,-0.356494140625,10.2821044921875,30.703901290893555
0.6603515625,0.18183593750000002,9.151611328125,30.723859310150146
-0.2667724609375,0.14475097656250002,8.575000000000001,30.74392056465149
0.28950195312500004,0.43066406250000006,8.84775390625,30.764015674591064
1.0958007812500001,0.44860839843750006,9.264062500000001,30.78394317626953
0.299072265625,0.4797119140625,9.593041992187501,30.804203748703003
0.1614990234375,-0.15073242187500002,8.6814697265625,30.824593782424927
0.26318359375,-0.10886230468750001,9.3155029296875,30.844159364700317
1.4104248046875,0.44501953125000004,8.683862304687501,30.863974809646606
0.45339355468750003,-0.38759765625000003,9.436328125000001,30.884568691253662
0.12082519531250001,-0.12321777343750001,9.352587890625001,30.90395951271057
-0.32778320312500003,-0.39357910156250003,9.23056640625,30.928045749664307
0.46057128906250006,0.10168457031250001,9.0499267578125,30.953154802322388
0.6424072265625,0.10048828125,9.316699218750001,30.96433162689209
-0.2380615234375,-0.0107666015625,8.900390625,30.992549657821655
0.057421875000000004,-0.26318359375,9.0451416015625,31.004101276397705
0.47253417968750006,-0.074169921875,9.2245849609375,31.024065017700195
0.5658447265625001,-0.389990234375,9.1647705078125,31.04399561882019
0.10527343750000001,-0.5467041015625,9.173144531250001,31.064247846603394
0.11005859375,-0.33137207031250004,8.887231445312501,31.084259033203125
0.59814453125,-0.251220703125,8.887231445312501,31.10413885116577
0.7644287109375001,-0.098095703125,9.457861328125,31.124053478240967
0.43903808593750004,-0.14594726562500002,9.371728515625001,31.144701719284058
0.29548339843750004,0.013159179687500001,8.668310546875,31.164311408996582
0.8469726562500001,0.122021484375,9.5224609375,31.183976888656616
0.9606201171875001,-0.45458984375000006,9.78564453125,31.204108953475952
0.413916015625,-0.600537109375,9.13486328125,31.224086046218872
0.0,-0.6555664062500001,9.718652343750001,31.24458909034729
0.744091796875,0.0681884765625,8.677880859375001,31.26579451560974
0.370849609375,0.39357910156250003,9.329858398437501,31.286548376083374
0.7620361328125,0.8972167968750001,8.676684570312501,31.306128978729248
0.155517578125,0.5431152343750001,9.283203125,31.32457661628723
0.7787841796875,0.7034179687500001,8.773583984375001,31.344355821609497
0.49047851562500006,0.5945556640625,8.878857421875,31.364450454711914
0.6148925781250001,0.7273437500000001,9.514086914062501,31.384376525878906
0.1064697265625,0.9773681640625,9.2197998046875,31.40438747406006
0.33974609375000003,0.6974365234375001,9.6385009765625,31.42750883102417
1.9152587890625001,0.49526367187500003,9.389672851562501,31.444602966308594
0.014355468750000001,0.504833984375,9.276025390625001,31.465331077575684
0.7668212890625,0.6555664062500001,9.1049560546875,31.484788179397583
0.6352294921875,0.7165771484375001,8.89560546875,31.504518032073975
1.06708984375,0.8613281250000001,9.218603515625,31.524686098098755
0.5754150390625,0.76083984375,9.094189453125,31.544599056243896
0.610107421875,0.5431152343750001,8.719750976562501,31.567649126052856
-0.27395019531250003,-0.21533203125000003,9.88134765625,31.585215091705322
1.7812744140625,-0.083740234375,9.005664062500001,31.604655027389526
0.06699218750000001,-0.08134765625000001,8.911157226562501,31.62457036972046
0.4821044921875,-0.43544921875000003,10.23544921875,31.644591093063354
0.1375732421875,-0.11484375000000001,8.6814697265625,31.67067861557007
1.6963378906250002,-0.6041259765625,9.2652587890625,31.68537926673889
0.2141357421875,-0.27993164062500003,8.764013671875,31.70484685897827
0.35769042968750003,-0.287109375,8.883642578125,31.72478723526001
1.0491455078125,-0.5299560546875001,9.3155029296875,31.744728565216064
0.051440429687500004,-0.41870117187500006,8.807080078125,31.767963409423828
0.6495849609375001,-0.8230468750000001,9.555957031250001,31.785508632659912
0.6256591796875001,-0.8457763671875,9.2365478515625,31.80609154701233
0.0095703125,-0.4701416015625,9.1480224609375,31.824620008468628
1.39248046875,-0.39956054687500003,8.9326904296875,31.844735383987427
0.40314941406250004,-0.5646484375,9.22578125,31.86468267440796
0.9008056640625001,-0.19619140625,8.832202148437501,31.885005235671997
0.46416015625,-0.41870117187500006,9.036767578125001,31.908360958099365
0.4797119140625,-0.20935058593750003,9.414794921875,31.92479419708252
0.9366943359375001,-0.33735351562500004,9.4040283203125,31.94516682624817
0.20576171875000002,-0.413916015625,9.3753173828125,31.965017318725586
0.04306640625,-0.32060546875,9.168359375000001,31.984901428222656
0.8409912109375001,0.12800292968750002,8.91953125,32.00483798980713
1.0120605468750001,0.2643798828125,8.827416992187501,32.02486872673035
0.389990234375,0.16389160156250002,8.9901123046875,32.045796155929565
0.538330078125,0.019140625,8.5785888671875,32.06495976448059
0.5778076171875001,0.098095703125,9.401635742187501,32.08498978614807
0.7213623046875001,-0.0071777343750000005,9.15400390625,32.10496973991394
0.5957519531250001,-0.5550781250000001,9.5475830078125,32.12492561340332
0.12800292968750002,-0.12919921875,9.1456298828125,32.14520716667175
0.8098876953125,0.24643554687500002,8.863305664062501,32.16505241394043
0.6735107421875001,-0.112451171875,9.381298828125,32.18504548072815
0.7979248046875,0.4498046875,8.497241210937501,32.20488905906677
-0.052636718750000006,0.014355468750000001,8.993701171875001,32.225027561187744
0.5203857421875,0.1423583984375,8.586962890625001,32.2448844909668
0.8792724609375001,-0.11723632812500001,8.994897460937501,32.265191078186035
0.605322265625,-1.5683349609375001,9.21142578125,32.28774404525757
0.6148925781250001,-2.0923095703125,9.652856445312501,32.40766501426697
0.3744384765625,-1.9044921875,8.9925048828125,32.40767240524292
1.2070556640625,-2.1150390625,8.875268554687501,32.40767574310303
0.8840576171875001,-2.3913818359375,9.055908203125,32.4076783657074
0.4498046875,-2.15810546875,8.7951171875,32.40768098831177
0.0011962890625,-2.5875732421875,9.089404296875001,32.4093496799469
0.44860839843750006,-2.7095947265625,9.5607421875,32.42526865005493
-0.24763183593750002,-2.0492431640625,9.167163085937501,32.445220708847046
0.10048828125,-2.0731689453125,8.8010986328125,32.46548843383789
-0.2667724609375,-1.9391845703125001,9.2963623046875,32.489789724349976
0.1710693359375,-0.413916015625,8.9661865234375,32.50600075721741
0.5359375000000001,-0.988134765625,9.1719482421875,32.52521538734436
-1.1041748046875002,-1.3625732421875,10.029687500000001,32.54580521583557
-0.5945556640625,-1.0108642578125,9.551171875000001,32.565115451812744
0.0478515625,-0.42109375000000004,9.2245849609375,32.58563280105591
-0.27275390625,-0.41750488281250003,10.148120117187501,32.61084294319153
-1.0431640625,-0.3720458984375,10.4519775390625,32.6253502368927
-0.41750488281250003,-0.6232666015625,8.9853271484375,32.64555764198303
0.34453125,0.41152343750000003,9.3872802734375,32.66519522666931
-0.8541503906250001,0.37922363281250004,8.58935546875,32.68744206428528
0.4498046875,-0.08732910156250001,10.52734375,32.705256938934326
-0.27753906250000004,1.1580078125000002,9.386083984375,32.727545738220215
-0.04306640625,0.7237548828125,8.3919677734375,32.74538445472717
-0.1184326171875,0.21772460937500002,9.173144531250001,32.76520609855652
-0.6806884765625001,0.41271972656250006,10.278515625,32.78559851646423
0.2883056640625,0.2524169921875,8.945849609375001,32.80547761917114
-0.0251220703125,-0.1782470703125,9.2652587890625,32.825424671173096
0.1471435546875,-0.0370849609375,11.3779052734375,32.84579062461853
0.23327636718750003,0.1734619140625,8.151513671875001,32.865641355514526
-0.051440429687500004,0.40314941406250004,8.7293212890625,32.885504961013794
-0.34453125,0.69384765625,8.9685791015625,32.90540790557861
0.5670410156250001,0.413916015625,9.357373046875,32.92551016807556
-0.41870117187500006,-0.0490478515625,9.401635742187501,32.94550824165344
-0.1064697265625,0.16867675781250002,8.921923828125001,32.96582579612732
-0.46057128906250006,-0.031103515625,9.551171875000001,32.9855682849884
0.1902099609375,0.0801513671875,8.9207275390625,33.00560426712036
0.1160400390625,-0.538330078125,10.26416015625,33.025654554367065
-0.9343017578125,-0.3349609375,9.0439453125,33.04605531692505
-0.7452880859375001,0.10288085937500001,8.576196289062501,33.065561294555664
0.5251708984375001,-0.1854248046875,9.250903320312501,33.08606576919556
0.6256591796875001,-0.28352050781250004,8.8046875,33.10577154159546
-0.3385498046875,-0.18662109375000002,8.7568359375,33.12562584877014
-0.0681884765625,-0.35170898437500003,9.280810546875001,33.14703965187073
0.275146484375,-0.24165039062500002,9.0571044921875,33.1664252281189
0.8409912109375001,-0.35170898437500003,9.3561767578125,33.18605303764343
0.2548095703125,-0.839794921875,10.166064453125001,33.20586824417114
-0.3349609375,-0.20576171875000002,9.2293701171875,33.22545504570007
0.31103515625,0.318212890625,8.438623046875001,33.24543809890747
0.0155517578125,-0.052636718750000006,8.8968017578125,33.26638054847717
-0.6471923828125,0.2883056640625,9.9830322265625,33.28585481643677
-0.5790039062500001,0.7895507812500001,8.8908203125,33.308993339538574
0.2787353515625,1.0060791015625001,9.322680664062501,33.326817989349365
-0.74169921875,2.8387939453125,8.285498046875,33.34907674789429
0.729736328125,1.930810546875,8.353686523437501,33.36561465263367
0.7811767578125001,1.8638183593750002,9.46982421875,33.38569641113281
-0.7273437500000001,2.6043212890625003,9.358569335937501,33.40707302093506
0.4198974609375,1.9810546875000001,9.151611328125,33.42644667625427
0.6220703125,1.7944335937500002,10.1349609375,33.44580554962158
0.24404296875,1.940380859375,8.84296875,33.465816020965576
0.30385742187500003,1.44990234375,9.599023437500001,33.485986948013306
0.6232666015625,1.2525146484375,9.6480712890625,33.50661373138428
0.8577392578125,0.73212890625,9.051123046875,33.52644228935242
-0.1902099609375,0.9055908203125,8.960205078125,33.5465133190155
0.7512695312500001,0.6471923828125,9.0260009765625,33.56576490402222
2.0970947265625,0.3481201171875,8.70419921875,33.58584713935852
-0.7333251953125001,0.40554199218750003,9.30234375,33.60701560974121
1.2513183593750001,-0.3409423828125,9.10615234375,33.6258270740509
0.49645996093750006,-0.09331054687500001,9.000878906250001,33.649049520492554
0.8936279296875,-0.21652832031250002,9.25927734375,33.665846824645996
0.440234375,-0.428271484375,8.787939453125,33.685893058776855
1.4929687500000002,-1.9116699218750002,10.1624755859375,33.70596528053284
-0.11723632812500001,-0.13996582031250002,8.364453125,33.726625204086304
1.5802978515625001,-0.45100097656250004,8.711376953125,33.746089696884155
0.29787597656250003,-0.9821533203125,9.9256103515625,33.76599979400635
0.5873779296875,-0.605322265625,7.981640625000001,33.78607153892517
0.600537109375,-1.10537109375,9.357373046875,33.80601716041565
0.5646484375,-0.7907470703125,9.06787109375,33.82599997520447
0.71298828125,-0.9247314453125001,9.197070312500001,33.84596061706543
0.428271484375,-0.8828613281250001,9.0020751953125,33.86596632003784
0.160302734375,-0.7153808593750001,8.892016601562501,33.886075258255005
1.3015625000000002,-0.058618164062500006,8.97216796875,33.9061324596405
0.6316406250000001,-0.15192871093750002,9.29755859375,33.92625141143799
0.40673828125000006,-0.212939453125,8.874072265625001,33.94611191749573
0.461767578125,-0.1614990234375,9.197070312500001,33.96612310409546
0.7369140625,-0.172265625,9.5547607421875,33.98610854148865
0.7955322265625001,-0.3385498046875,9.6145751953125,34.00607109069824
0.6794921875000001,-0.21174316406250002,9.108544921875001,34.026105642318726
0.0681884765625,-0.19619140625,9.146826171875,34.04610323905945
1.0443603515625002,0.26318359375,8.7652099609375,34.06619739532471
0.6615478515625001,0.5634521484375,9.311914062500001,34.08622908592224
-0.0861328125,0.184228515625,8.72333984375,34.10613465309143
0.6220703125,0.021533203125,9.156396484375001,34.12746572494507
0.4557861328125,0.5514892578125,8.797509765625001,34.15212154388428
0.7165771484375001,0.029907226562500003,9.4207763671875,34.16663312911987
0.44143066406250003,-0.28950195312500004,9.5906494140625,34.18659710884094
0.20576171875000002,0.160302734375,9.381298828125,34.20648407936096
0.669921875,-0.14594726562500002,9.454272460937501,34.22768783569336
0.7225585937500001,0.0681884765625,9.162377929687501,34.24616885185242
1.284814453125,-0.27993164062500003,8.426660156250001,34.266923904418945
-0.11125488281250001,-1.2632812500000001,9.462646484375,34.28656625747681
0.6220703125,-2.8041015625,9.2736328125,34.30631971359253
0.9989013671875001,-1.9499511718750002,8.6312255859375,34.32788586616516
0.30744628906250004,-2.8100830078125,9.6564453125,34.3462278842926
-0.7153808593750001,-3.45009765625,9.366943359375,34.36788988113403
0.37922363281250004,-2.2119384765625,9.1958740234375,34.38682770729065
0.11364746093750001,-2.0600097656250003,8.4900634765625,34.40660619735718
-0.031103515625,-2.354296875,9.1456298828125,34.427184104919434
-0.6436035156250001,-2.150927734375,9.0810302734375,34.44649004936218
0.2883056640625,-1.64130859375,8.448193359375,34.46821451187134
-0.11962890625000001,-2.433251953125,10.2581787109375,34.486457109451294
-0.19858398437500002,-2.1963867187500004,9.711474609375001,34.506399631500244
0.15192871093750002,-1.3864990234375,9.974658203125001,34.526464223861694
-0.5012451171875001,-0.63642578125,7.1526123046875005,34.54633140563965
0.20456542968750002,-0.6065185546875,9.430346679687501,34.56642246246338
-0.0777587890625,-1.3338623046875,8.9087646484375,34.586464643478394
-0.9534423828125,-0.5299560546875001,9.293969726562501,34.606446266174316
-0.27395019531250003,-0.0059814453125,9.1839111328125,34.62661290168762
0.5658447265625001,-0.32060546875,8.3740234375,34.646564960479736
0.06340332031250001,0.32060546875,10.395751953125,34.666497468948364
-0.43066406250000006,-0.25959472656250004,9.645678710937501,34.68649482727051
-1.3338623046875,0.035888671875,9.252099609375001,34.70647883415222
-0.2021728515625,0.2380615234375,8.927905273437501,34.72653126716614
-0.8374023437500001,0.2883056640625,10.542895507812501,34.74650025367737
0.8792724609375001,0.332568359375,9.677978515625,34.76676416397095
-0.7393066406250001,0.7823730468750001,8.624047851562501,34.78724646568298
-0.2966796875,1.6843750000000002,7.687353515625,34.80667543411255
-0.0562255859375,0.5802001953125,9.802392578125001,34.82722878456116
0.0825439453125,1.0228271484375,8.9326904296875,34.846616983413696
-0.29189453125000003,0.940283203125,9.114526367187501,34.868577003479004
-0.4557861328125,0.964208984375,9.502124023437501,34.88670516014099
-0.212939453125,0.8254394531250001,8.540307617187501,34.9065957069397
0.19260253906250002,0.19260253906250002,8.6695068359375,34.92668652534485
-1.495361328125,0.34572753906250003,9.835888671875,34.94660949707031
0.248828125,0.36367187500000003,9.015234375,34.96660327911377
0.6077148437500001,-0.3541015625,8.7412841796875,34.98660898208618
-0.141162109375,-0.1830322265625,9.6361083984375,35.00666332244873
-0.43544921875000003,-0.0897216796875,9.54638671875,35.02668905258179
-0.05981445312500001,-0.5347412109375,9.192285156250001,35.04909944534302
0.0765625,-0.5359375000000001,10.029687500000001,35.0681049823761
0.09929199218750001,0.5479003906250001,9.06787109375,35.08721685409546
0.058618164062500006,-0.24045410156250002,8.2125244140625,35.106701612472534
-0.1375732421875,-0.08493652343750001,9.676782226562501,35.12681341171265
-0.0897216796875,0.12800292968750002,9.000878906250001,35.14913892745972
0.32778320312500003,-0.38759765625000003,8.77119140625,35.1705904006958
-1.1544189453125,-0.9390869140625001,10.534521484375,35.186779737472534
-0.11723632812500001,-0.3828125,9.4088134765625,35.20674252510071
0.8649169921875001,-0.42587890625,9.071459960937501,35.226799726486206
-0.37802734375,-0.06699218750000001,9.5069091796875,35.24811506271362
-1.0359863281250001,-0.035888671875,9.712670898437501,35.268322706222534
-0.013159179687500001,-0.07536621093750001,8.8908203125,35.28736686706543
0.552685546875,-0.25600585937500003,9.155200195312501,35.309544801712036
0.9725830078125001,0.020336914062500003,9.7700927734375,35.32698321342468
-1.4271728515625002,-0.440234375,9.077441406250001,35.34805917739868
-1.0730712890625,-1.1879150390625002,9.730615234375001,35.36690950393677
-0.23925781250000003,0.0657958984375,9.582275390625,35.38976216316223
0.3361572265625,-1.00966796875,9.144433593750001,35.40699124336243
-0.29548339843750004,-0.9307128906250001,8.838183593750001,35.42717719078064
-1.1328857421875,0.4557861328125,9.474609375,35.44721817970276
-0.1471435546875,-0.2201171875,8.15869140625,35.46720552444458
-0.80390625,0.25959472656250004,9.577490234375,35.48721647262573
-0.47731933593750003,-1.282421875,8.580981445312501,35.507850885391235
0.12082519531250001,-0.14594726562500002,7.937377929687501,35.52749156951904
-0.1734619140625,0.31103515625,10.841967773437501,35.54736089706421
-0.4462158203125,-0.49765625,8.4888671875,35.567347049713135
-0.44741210937500003,-0.6352294921875,9.831103515625001,35.58730506896973
-0.16987304687500002,0.22131347656250003,9.022412109375,35.60730981826782
0.1614990234375,-1.4630615234375002,10.764208984375001,35.627249240875244
-0.7237548828125,-0.06938476562500001,9.7509521484375,35.647217750549316
-0.189013671875,0.47133789062500003,8.3512939453125,35.66729116439819
-0.4557861328125,0.461767578125,8.936279296875,35.6872992515564
0.366064453125,0.7393066406250001,10.608691406250001,35.70736503601074
0.18063964843750002,1.0024902343750002,7.431347656250001,35.727540254592896
-0.672314453125,0.37563476562500003,10.3490966796875,35.74756956100464
-1.064697265625,-0.7560546875,9.1839111328125,35.76756572723389
-0.29787597656250003,-0.25959472656250004,7.1825195312500005,35.7874801158905
-0.3720458984375,0.7620361328125,10.4735107421875,35.807430028915405
-0.1495361328125,-1.2788330078125,8.81904296875,35.827327251434326
-0.899609375,-0.1614990234375,9.2126220703125,35.8472945690155
-1.2118408203125002,0.49765625,8.814257812500001,35.86817955970764
-0.270361328125,-0.37563476562500003,8.743676757812501,35.887359619140625
-0.47373046875,-0.6543701171875,9.479394531250001,35.9073748588562
-1.0156494140625,0.14594726562500002,8.7101806640625,35.92735695838928
-0.8314208984375001,-0.6388183593750001,7.616772460937501,35.947319746017456
-0.28232421875,-0.2572021484375,8.975756835937501,35.96730875968933
-0.7716064453125001,-0.49765625,9.376513671875001,35.987364053726196
0.21174316406250002,-0.2009765625,7.7794677734375,36.007712602615356
-0.26318359375,-0.1949951171875,10.639794921875001,36.02786421775818
-0.428271484375,-0.32539062500000004,7.6670166015625005,36.04746437072754
-0.1614990234375,0.7452880859375001,9.256884765625001,36.069546699523926
-0.13876953125000002,-1.280029296875,10.5333251953125,36.087971687316895
-0.6388183593750001,-0.7775878906250001,9.3561767578125,36.10747218132019
0.0442626953125,0.8182617187500001,9.0044677734375,36.12748956680298
-0.14833984375,-1.1974853515625001,9.5224609375,36.14825415611267
-0.3241943359375,-1.1017822265625001,9.438720703125,36.16837739944458
-0.34453125,-0.098095703125,10.02490234375,36.187506914138794
-0.7500732421875,-0.5012451171875001,9.250903320312501,36.20897436141968
-0.27155761718750004,-0.30385742187500003,8.213720703125,36.22767210006714
-0.14594726562500002,-0.052636718750000006,9.676782226562501,36.24761939048767
-0.6436035156250001,-0.0490478515625,9.274829101562501,36.26761841773987
-0.2021728515625,1.0862304687500002,8.162280273437501,36.38937997817993
0.11364746093750001,0.064599609375,11.4544677734375,36.38938808441162
-0.681884765625,-0.212939453125,8.6742919921875,36.38939142227173
-0.31582031250000003,1.165185546875,8.341723632812501,36.38939428329468
-0.49526367187500003,-0.9008056640625001,10.8228271484375,36.38939690589905
-0.0945068359375,-0.43903808593750004,8.61328125,36.39025139808655
-0.4557861328125,0.15073242187500002,10.1816162109375,36.4076566696167
0.046655273437500006,-0.4880859375,8.9015869140625,36.42793560028076
-0.342138671875,-0.232080078125,9.539208984375001,36.44778537750244
-0.06220703125,0.5012451171875001,10.06318359375,36.46806073188782
0.22250976562500002,0.28950195312500004,9.226977539062501,36.48780298233032
-0.21533203125000003,0.46296386718750004,9.042749023437501,36.50785803794861
-0.48330078125000003,-0.058618164062500006,9.16357421875,36.527825593948364
-0.10048828125,0.5431152343750001,8.803491210937501,36.5477876663208
-0.19738769531250003,0.064599609375,8.783154296875,36.567763328552246
-1.2955810546875002,-1.6233642578125,10.9484375,36.58999276161194
-0.5191894531250001,0.046655273437500006,9.06787109375,36.60781407356262
-0.45339355468750003,-0.12680664062500002,8.23046875,36.62784385681152
0.0155517578125,-1.016845703125,10.26416015625,36.64852690696716
-0.5790039062500001,-1.045556640625,10.088305664062501,36.66802000999451
-1.1592041015625,0.4498046875,8.0689697265625,36.68794894218445
0.74169921875,-0.16748046875,9.400439453125001,36.7079644203186
0.28950195312500004,-0.899609375,9.309521484375,36.727946758270264
-0.7034179687500001,0.5790039062500001,9.4805908203125,36.74794936180115
-0.6148925781250001,-0.1184326171875,8.963793945312501,36.76791787147522
-0.25361328125000004,-0.6447998046875001,8.6982177734375,36.78987455368042
-0.3349609375,-0.5000488281250001,8.6575439453125,36.80798101425171
-0.9953125,0.0071777343750000005,10.542895507812501,36.8295111656189
-0.1471435546875,-0.41511230468750004,7.5701171875,36.848045110702515
-0.8744873046875,-0.028710937500000002,8.78076171875,36.86803722381592
0.1351806640625,-0.5718261718750001,11.123095703125001,36.88809323310852
-0.11484375000000001,0.0478515625,7.5294433593750005,36.9087769985199
-0.30983886718750003,-0.40314941406250004,8.779565429687501,36.92817759513855
0.28591308593750003,-0.45100097656250004,10.101464843750001,36.94808793067932
-0.6017333984375001,0.724951171875,8.0474365234375,36.96799159049988
-0.5299560546875001,0.677099609375,9.286791992187501,36.98929786682129
-0.11125488281250001,-0.19379882812500002,8.261572265625,37.00827121734619
0.13278808593750002,-0.4462158203125,9.461450195312501,37.02811145782471
-0.6017333984375001,-0.5203857421875,9.811962890625,37.04835748672485
0.0035888671875000003,-0.8409912109375001,9.054711914062501,37.06808924674988
0.4342529296875,-0.772802734375,9.034375,37.090559005737305
-0.9462646484375,0.47851562500000006,9.0379638671875,37.10835266113281
0.2811279296875,-0.21054687500000002,9.8753662109375,37.131208181381226
0.41152343750000003,0.034692382812500006,8.851342773437501,37.150564193725586
-0.7716064453125001,0.22131347656250003,9.725830078125,37.16826033592224
-0.4880859375,0.31940917968750004,8.3871826171875,37.18831968307495
0.5323486328125,0.5634521484375,8.480493164062501,37.220016956329346
0.47851562500000006,-0.33974609375000003,10.7079833984375,37.22846007347107
-1.53603515625,0.1184326171875,9.242529296875,37.248236894607544
-0.1256103515625,0.8409912109375001,8.341723632812501,37.26822805404663
0.034692382812500006,0.33735351562500004,8.3225830078125,37.28871130943298
-0.729736328125,1.7501708984375002,10.873071289062501,37.31024384498596
-0.58857421875,3.9142578125000003,7.54619140625,37.32951521873474
-0.23566894531250002,1.954736328125,9.48896484375,37.34877920150757
0.2380615234375,3.0373779296875,9.8394775390625,37.36869549751282
0.5108154296875,3.1833251953125004,8.376416015625,37.388407707214355
-0.6902587890625,3.2431396484375004,9.138452148437501,37.40884852409363
0.19978027343750002,3.0325927734375,9.1001708984375,37.42845892906189
0.141162109375,2.2526123046875,9.2293701171875,37.44840931892395
0.8852539062500001,2.150927734375,9.305932617187501,37.46846103668213
0.7512695312500001,1.34462890625,9.041552734375001,37.48834586143494
-0.299072265625,1.2429443359375,8.915942382812501,37.508737087249756
1.8494628906250001,0.720166015625,9.7078857421875,37.528801918029785
0.3923828125,0.5837890625000001,8.359667968750001,37.54877495765686
0.44501953125000004,-0.49645996093750006,9.80478515625,37.56881546974182
0.964208984375,-0.165087890625,8.803491210937501,37.58859610557556
1.031201171875,-0.7775878906250001,9.4758056640625,37.60913324356079
0.3828125,-0.6759033203125,9.5356201171875,37.628602743148804
1.0240234375000001,-0.52158203125,9.13486328125,37.64850664138794
-0.15073242187500002,-0.275146484375,9.053515625000001,37.66877007484436
0.9366943359375001,0.034692382812500006,8.783154296875,37.688536167144775
1.6556640625,-1.3123291015625,10.2306640625,37.711930990219116
-0.10766601562500001,-0.07297363281250001,8.907568359375,37.72857213020325
-0.2069580078125,-1.3254882812500002,9.553564453125,37.74853754043579
1.3506103515625,-1.06708984375,9.6181640625,37.768545150756836
0.8027099609375,-0.5514892578125,9.3489990234375,37.78881907463074
0.46296386718750004,-0.7393066406250001,9.222192382812501,37.808852672576904
0.40913085937500004,-0.31342773437500004,8.838183593750001,37.82925724983215
0.5156005859375,-0.485693359375,9.060693359375001,37.848860025405884
0.6902587890625,-0.8505615234375,9.126489257812501,37.868857860565186
0.25600585937500003,-0.7823730468750001,9.644482421875,37.888672828674316
0.4342529296875,-0.8230468750000001,9.8705810546875,37.90953826904297
0.7046142578125001,-0.533544921875,9.429150390625,37.92894649505615
0.57421875,-0.19140625,9.1934814453125,37.94980478286743
0.724951171875,-0.028710937500000002,9.223388671875,37.96867895126343
0.10288085937500001,0.3050537109375,9.3872802734375,37.98903751373291
0.624462890625,0.35888671875,8.768798828125,38.01482152938843
0.80390625,0.052636718750000006,8.862109375000001,38.028852462768555
0.44143066406250003,-0.16987304687500002,9.389672851562501,38.05216598510742
0.41511230468750004,-0.41750488281250003,9.448291015625001,38.069509506225586
-0.0897216796875,-0.039477539062500004,9.51767578125,38.08913588523865
1.2166259765625,-0.21054687500000002,9.0571044921875,38.10908365249634
0.653173828125,0.208154296875,9.146826171875,38.12888479232788
0.25600585937500003,0.4342529296875,8.960205078125,38.15028786659241
0.16987304687500002,0.4462158203125,9.011645507812501,38.16934061050415
0.5873779296875,0.41870117187500006,8.8417724609375,38.1887264251709
0.6148925781250001,0.0,9.167163085937501,38.20930743217468
-0.11364746093750001,-0.5263671875,9.7437744140625,38.240580797195435
0.1184326171875,0.028710937500000002,9.165966796875,38.24914813041687
0.892431640625,-0.653173828125,8.9901123046875,38.26902675628662
0.6029296875000001,-1.2190185546875,9.376513671875001,38.28884243965149
-0.4677490234375,-2.7275390625,9.370532226562501,38.31214714050293
0.9498535156250001,-1.7214599609375,8.697021484375,38.33480453491211
0.4916748046875,-1.95234375,8.707788085937501,38.34899401664734
0.5490966796875001,-2.8818603515625,9.625341796875,38.368983030319214
0.27753906250000004,-2.9572265625000003,9.1121337890625,38.38905906677246
-0.0035888671875000003,-2.6749023437500004,8.683862304687501,38.40903162956238
0.35529785156250004,-2.2478271484375,10.510595703125,38.4298050403595
-0.0059814453125,-1.9116699218750002,8.2627685546875,38.44948601722717
-0.160302734375,-2.5863769531250003,10.0859130859375,38.46924805641174
0.404345703125,-2.0994873046875,9.4829833984375,38.48918056488037
-0.23447265625000002,-0.68427734375,7.997192382812501,38.50914525985718
-0.32060546875,-1.6496826171875,9.766503906250001,38.53152823448181
-0.17705078125,-1.8542480468750002,9.890917968750001,38.54979419708252
-0.892431640625,-0.9869384765625001,8.815454101562501,38.56924343109131
-0.47133789062500003,-1.378125,9.68515625,38.58912944793701
-1.282421875,-0.7237548828125,8.689843750000001,38.60917067527771
-1.4211914062500002,1.052734375,10.347900390625,38.62920093536377
-0.3505126953125,-0.9378906250000001,8.960205078125,38.64966130256653
-0.672314453125,0.5120117187500001,8.5115966796875,38.66920733451843
-0.7165771484375001,0.7405029296875001,9.874169921875001,38.68947887420654
-0.189013671875,-0.25600585937500003,9.137255859375001,38.7094783782959
-1.1962890625,0.022729492187500002,9.2293701171875,38.729352951049805
-0.1734619140625,1.160400390625,8.5427001953125,38.74992632865906
-1.0491455078125,0.653173828125,9.2556884765625,38.76961898803711
-0.5060302734375001,0.1734619140625,10.85751953125,38.7893340587616
-0.5825927734375,0.7560546875,9.0858154296875,38.80932664871216
-0.437841796875,0.6220703125,9.383691406250001,38.830748081207275
0.8051025390625001,0.5598632812500001,10.156494140625,38.84930777549744
-0.5730224609375001,0.46057128906250006,9.2544921875,38.87149453163147
-0.031103515625,0.8290283203125001,9.832299804687501,38.88956928253174
-0.36845703125,0.600537109375,8.784350585937501,38.910133600234985
0.9821533203125,1.2740478515625,8.851342773437501,38.92945146560669
0.4677490234375,0.40075683593750006,9.1109375,38.94941067695618
-0.8984130859375,-0.36965332031250003,9.2963623046875,38.969435930252075
-0.7022216796875,0.3840087890625,8.99609375,38.98945474624634
-0.27155761718750004,-0.19978027343750002,9.66123046875,39.009448289871216
-0.08493652343750001,0.0562255859375,8.8848388671875,39.02937722206116
-0.0442626953125,-0.6376220703125001,9.1958740234375,39.04944324493408
-0.6352294921875,-0.5060302734375001,9.789233398437501,39.06952476501465
-0.12680664062500002,0.3289794921875,8.15390625,39.09097719192505
-0.24643554687500002,-0.49047851562500006,9.741381835937501,39.110514402389526
-0.299072265625,-0.23925781250000003,9.8287109375,39.129859924316406
-0.3050537109375,-0.0801513671875,7.961303710937501,39.150853395462036
-0.131591796875,0.27395019531250003,9.094189453125,39.170000076293945
0.14475097656250002,-0.153125,10.3072265625,39.189510107040405
0.19619140625,-1.7980224609375002,9.462646484375,39.20954465866089
-1.3302734375,-0.8062988281250001,10.471118164062501,39.22976803779602
-0.045458984375000004,-0.6136962890625001,9.2796142578125,39.251222372055054
0.131591796875,-0.2906982421875,8.4123046875,39.274534940719604
-0.35529785156250004,-1.0264160156250002,10.620654296875001,39.29245138168335
-0.3529052734375,-0.6376220703125001,9.481787109375,39.31155443191528
-0.3481201171875,0.051440429687500004,7.987622070312501,39.34036064147949
-0.85654296875,-0.24045410156250002,9.1217041015625,39.35232901573181
0.5419189453125001,-1.0300048828125001,10.247412109375,39.36972498893738
-0.10288085937500001,0.49765625,8.528344726562501,39.389787673950195
-0.34572753906250003,0.17465820312500002,9.693530273437501,39.41043305397034
0.1710693359375,-1.4463134765625,9.68037109375,39.43262720108032
-0.12321777343750001,-0.2572021484375,9.455468750000001,39.45690846443176
0.16748046875,0.011962890625,8.735302734375,39.47067379951477
-0.5311523437500001,-0.8661132812500001,10.1146240234375,39.49178743362427
-0.33017578125,-0.031103515625,9.03916015625,39.51118540763855
-0.06340332031250001,-0.07895507812500001,8.622851562500001,39.534934282302856
0.046655273437500006,0.179443359375,8.449389648437501,39.54978060722351
-0.36965332031250003,0.30983886718750003,9.8478515625,39.57316541671753
-0.7034179687500001,0.5395263671875,8.701806640625001,39.59066152572632
-0.052636718750000006,-0.27993164062500003,9.819140625000001,39.609946489334106
-0.0610107421875,-0.27395019531250003,8.7628173828125,39.631718158721924
-0.057421875000000004,0.040673828125000006,9.22578125,39.65055203437805
-0.5957519531250001,-0.36367187500000003,9.490161132812501,39.672778844833374
-0.5455078125,-0.22968750000000002,7.967285156250001,39.69075584411621
-0.27395019531250003,0.1303955078125,10.889819335937501,39.71251082420349
0.33974609375000003,0.26796875000000003,8.229272460937501,39.7305371761322
-0.49526367187500003,0.6555664062500001,7.335644531250001,39.75227332115173
-0.12800292968750002,-0.744091796875,11.942553710937501,39.77028679847717
-0.88046875,0.4079345703125,8.51279296875,39.79450798034668
0.07297363281250001,0.07297363281250001,8.569018554687501,39.810569524765015
-0.248828125,-0.2583984375,10.256982421875001,39.8319787979126
0.39118652343750004,0.0370849609375,8.984130859375,39.85196805000305
-0.42109375000000004,-0.5419189453125001,9.4458984375,39.87343907356262
-0.49765625,0.4342529296875,9.479394531250001,39.89087533950806
0.172265625,0.24643554687500002,7.998388671875,39.91007661819458
0.2260986328125,0.07895507812500001,8.41708984375,39.930176973342896
-0.791943359375,0.0275146484375,10.060791015625,39.950196743011475
-0.5957519531250001,0.15671386718750002,7.328466796875,39.971887826919556
0.6136962890625001,0.1734619140625,9.438720703125,39.990143060684204
-0.0107666015625,-1.244140625,10.454370117187501,40.01018786430359
-0.7309326171875,-0.0059814453125,8.689843750000001,40.031190156936646
0.7716064453125001,-0.25600585937500003,9.837084960937501,40.050559759140015
-1.1496337890625001,-1.0503417968750002,10.077539062500001,40.07022428512573
-0.7261474609375,-0.33735351562500004,9.8657958984375,40.090439319610596
0.2380615234375,0.13398437500000002,8.712573242187501,40.11059045791626
0.2811279296875,0.1160400390625,9.175537109375,40.13018560409546
0.21054687500000002,-0.2883056640625,10.510595703125,40.15418314933777
-0.8852539062500001,0.42109375000000004,7.823730468750001,40.17106509208679
-0.5598632812500001,0.18063964843750002,9.168359375000001,40.19082260131836
-0.6950439453125,-0.7871582031250001,9.6863525390625,40.212406158447266
0.0681884765625,-0.112451171875,8.090502929687501,40.23032760620117
-0.33735351562500004,-0.6029296875000001,11.3133056640625,40.250322103500366
0.122021484375,-0.47373046875,7.969677734375001,40.27156662940979
-0.514404296875,0.19379882812500002,10.276123046875,40.29053497314453
-0.342138671875,0.9139648437500001,9.1779296875,40.31029748916626
1.3769287109375001,1.6855712890625,8.137158203125,40.335495948791504
-1.763330078125,2.3040527343750004,9.772485351562501,40.354796171188354
0.36127929687500004,2.3399414062500004,9.5954345703125,40.370320081710815
-0.43305664062500004,2.4069335937500003,8.223291015625001,40.393357038497925
0.7823730468750001,2.892626953125,9.771289062500001,40.41122579574585
0.5120117187500001,1.95234375,8.687451171875,40.43093776702881
0.2141357421875,1.8267333984375,8.814257812500001,40.45046615600586
0.260791015625,1.5779052734375,9.215014648437501,40.47087621688843
0.7070068359375,1.9822509765625,8.317797851562501,40.49064111709595
0.7225585937500001,1.0323974609375002,9.338232421875,40.510592460632324
-0.0322998046875,0.552685546875,9.228173828125001,40.530539989471436
0.42109375000000004,0.9295166015625,8.854931640625,40.55056309700012
0.3840087890625,0.5371337890625001,9.2604736328125,40.57148098945618
1.356591796875,-0.701025390625,9.808374023437501,40.59059762954712
0.0765625,-0.052636718750000006,9.084619140625001,40.61224007606506
0.49526367187500003,-0.504833984375,9.131274414062501,40.630512952804565
0.71298828125,-0.0777587890625,9.089404296875001,40.65374207496643
-0.08493652343750001,-0.48449707031250006,8.5379150390625,40.67077016830444
0.8062988281250001,-0.7177734375,9.343017578125,40.69069314002991
0.2069580078125,-0.41271972656250006,8.797509765625001,40.71549844741821
0.16269531250000002,-0.7895507812500001,9.287988281250001,40.732526779174805
0.988134765625,-1.0539306640625001,9.5547607421875,40.75507879257202
0.64599609375,-1.0108642578125,9.108544921875001,40.77252745628357
-0.404345703125,-0.9319091796875001,9.102563476562501,40.79159593582153
0.33017578125,-0.18183593750000002,8.735302734375,40.81781458854675
0.6890625,-0.1662841796875,9.2796142578125,40.83299398422241
0.8062988281250001,-0.452197265625,8.915942382812501,40.85784959793091
0.28591308593750003,-0.41630859375,8.7987060546875,40.8716197013855
0.6220703125,-0.6471923828125,9.216210937500001,40.89588761329651
0.6316406250000001,-0.47851562500000006,9.788037109375,40.9140191078186
0.40673828125000006,-0.9259277343750001,9.76171875,40.931979179382324
-0.11125488281250001,-0.49047851562500006,8.931494140625,40.9509916305542
-0.32060546875,0.050244140625,9.042749023437501,40.97104549407959
1.0264160156250002,0.1471435546875,9.055908203125,40.99090361595154
0.8374023437500001,0.13876953125000002,9.322680664062501,41.01098418235779
-0.24523925781250003,-0.251220703125,8.9805419921875,41.03099846839905
0.18781738281250002,0.11962890625000001,8.84296875,41.0509614944458
-0.15073242187500002,0.052636718750000006,9.697119140625,41.07158613204956
0.48449707031250006,-0.38520507812500004,9.66123046875,41.090919971466064
-0.0945068359375,-0.153125,9.191088867187501,41.11111283302307
0.1591064453125,0.08732910156250001,9.4590576171875,41.132466077804565
0.9689941406250001,0.22849121093750002,9.1886962890625,41.15876603126526
0.3505126953125,0.051440429687500004,9.1958740234375,41.17186117172241
0.9271240234375001,0.5072265625000001,9.218603515625,41.1930468082428
0.49765625,0.46894531250000004,8.677880859375001,41.211718797683716
0.8350097656250001,0.057421875000000004,8.979345703125,41.23088192939758
0.8051025390625001,-0.11125488281250001,8.820239257812501,41.25087285041809
-0.20336914062500003,-0.562255859375,9.993798828125001,41.2710165977478
-0.322998046875,0.1471435546875,9.4351318359375,41.29095959663391
0.6986328125000001,0.2883056640625,9.27841796875,41.3114116191864
1.0180419921875001,0.9677978515625001,9.616967773437501,41.33166527748108
-0.36845703125,1.3027587890625,8.56064453125,41.35127091407776
0.05981445312500001,0.6986328125000001,9.322680664062501,41.37156367301941
1.1065673828125,1.4690429687500002,8.712573242187501,41.3929169178009
-0.045458984375000004,1.5396240234375,9.155200195312501,41.41110968589783
0.9630126953125001,1.1879150390625002,8.993701171875001,41.433438777923584
-0.052636718750000006,1.079052734375,8.6384033203125,41.451496839523315
0.9175537109375,0.7620361328125,9.593041992187501,41.47125029563904
0.4677490234375,1.069482421875,8.7269287109375,41.49225902557373
0.95224609375,-0.153125,9.316699218750001,41.511093616485596
-0.332568359375,-0.8350097656250001,9.992602539062501,41.53390121459961
0.9929199218750001,-0.165087890625,9.142041015625,41.55320739746094
0.39956054687500003,0.07895507812500001,8.960205078125,41.67299675941467
0.8948242187500001,0.18063964843750002,8.856127929687501,41.67300462722778
0.172265625,-0.06938476562500001,9.150415039062501,41.67300844192505
0.6555664062500001,0.29189453125000003,8.963793945312501,41.673011302948
0.7357177734375,-0.15791015625000002,8.7819580078125,41.673014640808105
0.18781738281250002,-0.5084228515625,9.4638427734375,41.673743724823
0.6196777343750001,-0.24165039062500002,9.419580078125001,41.691197872161865
0.5347412109375,-0.318212890625,9.285595703125,41.71188759803772
0.8074951171875001,-0.33974609375000003,8.945849609375001,41.73125648498535
0.3002685546875,-0.0765625,8.893212890625001,41.7512903213501
0.49047851562500006,-0.122021484375,8.927905273437501,41.771408557891846
0.45937500000000003,-0.155517578125,9.20185546875,41.79181981086731
0.27395019531250003,0.06220703125,8.863305664062501,41.8137469291687
0.42707519531250004,-0.10048828125,9.474609375,41.831326484680176
0.28352050781250004,-0.36127929687500004,9.0977783203125,41.85131478309631
0.09929199218750001,-0.33017578125,8.803491210937501,41.87167167663574
1.4487060546875001,-0.8194580078125001,9.8753662109375,41.89161276817322
-0.10766601562500001,0.3050537109375,8.57978515625,41.91163730621338
0.7512695312500001,-0.7775878906250001,9.287988281250001,41.931474685668945
0.37324218750000004,0.0251220703125,8.7951171875,41.95134902000427
0.6950439453125,-0.5311523437500001,9.1109375,41.97139263153076
0.9211425781250001,-0.6974365234375001,9.859814453125,41.99142551422119
0.236865234375,-0.17705078125,8.984130859375,42.01234841346741
0.5873779296875,-0.5909667968750001,9.023608398437501,42.031550884246826
0.9343017578125,-0.08732910156250001,8.903979492187501,42.05354332923889
0.6017333984375001,0.136376953125,9.24970703125,42.07377243041992
0.49645996093750006,-0.15192871093750002,9.083422851562501,42.09169626235962
0.2428466796875,-0.1351806640625,9.005664062500001,42.11569809913635
0.33735351562500004,-0.028710937500000002,9.514086914062501,42.13244605064392
0.9414794921875,-0.1495361328125,9.477001953125,42.151920318603516
0.212939453125,-0.2930908203125,9.3131103515625,42.171565771102905
0.5156005859375,-0.07297363281250001,9.150415039062501,42.1915488243103
0.5203857421875,0.07895507812500001,8.433837890625,42.21283841133118
0.9773681640625,0.41870117187500006,9.0283935546875,42.237406730651855
0.5730224609375001,0.27395019531250003,8.9865234375,42.25172305107117
-0.10527343750000001,0.36965332031250003,8.766406250000001,42.27176332473755
0.8816650390625,-0.1662841796875,9.1839111328125,42.29164719581604
0.9199462890625001,-0.1244140625,8.868090820312501,42.31255030632019
-0.12321777343750001,-0.8948242187500001,9.872973632812501,42.331812620162964
0.5072265625000001,-0.80869140625,9.1779296875,42.35518217086792
0.52158203125,-0.8553466796875001,8.39794921875,42.37258768081665
1.437939453125,-0.8517578125,9.61337890625,42.391759395599365
0.538330078125,-0.36845703125,8.7759765625,42.41181659698486
0.31940917968750004,-1.174755859375,8.886035156250001,42.431769609451294
0.485693359375,-1.4032470703125002,9.192285156250001,42.456870317459106
1.1675781250000001,-0.9414794921875,9.22578125,42.47172784805298
0.44143066406250003,-1.39248046875,9.503320312500001,42.49198579788208
-0.07536621093750001,-1.2238037109375002,9.293969726562501,42.51218867301941
0.43066406250000006,-0.7584472656250001,9.0762451171875,42.53198289871216
0.7704101562500001,-0.2643798828125,9.0642822265625,42.5518958568573
0.820654296875,-0.16867675781250002,9.244921875000001,42.57179021835327
-0.1184326171875,-0.4916748046875,8.893212890625001,42.592647075653076
0.4557861328125,-0.2691650390625,9.240136718750001,42.611942529678345
0.5957519531250001,-0.26796875000000003,9.3155029296875,42.631922006607056
0.3529052734375,-0.6160888671875,9.7138671875,42.651923179626465
0.7022216796875,-0.49645996093750006,8.8656982421875,42.67184662818909
-0.20456542968750002,-0.27993164062500003,9.238940429687501,42.69226908683777
0.9283203125,0.44143066406250003,9.083422851562501,42.71200633049011
0.37563476562500003,0.6471923828125,9.25927734375,42.73196792602539
0.6220703125,0.4079345703125,8.711376953125,42.75219964981079
0.1662841796875,0.0562255859375,8.988916015625001,42.772167444229126
0.48090820312500004,0.29189453125000003,9.37412109375,42.792068004608154
0.7476806640625,0.051440429687500004,9.5954345703125,42.8121063709259
0.43305664062500004,-0.1160400390625,9.346606445312501,42.832048416137695
0.28352050781250004,0.002392578125,9.070263671875,42.85272526741028
0.56943359375,0.35769042968750003,8.976953125000001,42.87218689918518
0.33735351562500004,0.3923828125,8.959008789062501,42.892122745513916
0.4677490234375,-0.0059814453125,9.0379638671875,42.91214346885681
-0.0825439453125,-0.0179443359375,8.82861328125,42.933972120285034
0.69384765625,0.13996582031250002,8.984130859375,42.952412128448486
0.8146728515625,0.016748046875000002,8.7508544921875,42.97227668762207
0.2763427734375,-0.32778320312500003,9.724633789062501,42.992128133773804
0.11723632812500001,-0.18781738281250002,9.366943359375,43.01221704483032
0.7823730468750001,-0.09689941406250001,9.40283203125,43.03247308731079
0.5873779296875,-0.16987304687500002,9.317895507812501,43.05217456817627
0.8290283203125001,0.208154296875,8.81904296875,43.074403524398804
0.002392578125,0.12082519531250001,9.084619140625001,43.0922691822052
0.5873779296875,0.1351806640625,9.072656250000001,43.11225962638855
0.5514892578125,-0.21533203125000003,8.5474853515625,43.13226795196533
0.322998046875,-0.5909667968750001,9.5607421875,43.15261936187744
0.5479003906250001,-0.5467041015625,9.3011474609375,43.17266583442688
-0.022729492187500002,-0.236865234375,9.657641601562501,43.19250249862671
1.0120605468750001,-0.3289794921875,8.8489501953125,43.212430238723755
0.6280517578125,-0.083740234375,8.892016601562501,43.23628497123718
-0.24045410156250002,0.0945068359375,9.168359375000001,43.256927251815796
0.5957519531250001,0.24763183593750002,9.011645507812501,43.27482223510742
0.10527343750000001,-0.035888671875,8.868090820312501,43.29230546951294
0.653173828125,-0.6759033203125,9.4518798828125,43.31239318847656
0.016748046875000002,-0.85654296875,9.424365234375001,43.33236765861511
0.160302734375,-0.6196777343750001,9.29755859375,43.352391719818115
0.251220703125,-1.0479492187500001,9.143237304687501,43.372504472732544
0.31940917968750004,-0.7141845703125,9.2796142578125,43.392608404159546
0.516796875,-0.31582031250000003,8.823828125,43.41280150413513
0.38520507812500004,-0.6125,9.041552734375001,43.43300414085388
0.22370605468750002,-0.6029296875000001,8.522363281250001,43.45262336730957
0.42587890625,-0.5203857421875,8.9422607421875,43.472527742385864
0.47731933593750003,-0.9498535156250001,9.5715087890625,43.49261522293091
0.2428466796875,-0.7524658203125001,9.627734375000001,43.512577533721924
0.23925781250000003,-0.6543701171875,9.1695556640625,43.532554388046265
0.1830322265625,-0.32778320312500003,9.192285156250001,43.552605867385864
0.26318359375,-0.0681884765625,8.820239257812501,43.57256078720093
-0.131591796875,-0.11005859375,8.959008789062501,43.5925178527832
0.8218505859375,-0.1244140625,8.6671142578125,43.612605810165405
0.8242431640625001,-0.22490234375,9.006860351562501,43.63280439376831
0.36845703125,-0.6639404296875,9.8586181640625,43.65272760391235
0.2428466796875,-0.21174316406250002,8.823828125,43.67269968986511
0.42946777343750003,-0.19978027343750002,9.5188720703125,43.69262170791626
-0.057421875000000004,-0.058618164062500006,8.953027343750001,43.71334171295166
0.38520507812500004,0.45458984375000006,9.0977783203125,43.7326283454895
-0.028710937500000002,0.3361572265625,9.2197998046875,43.75351643562317
0.27275390625,0.3385498046875,8.778369140625001,43.772664070129395
0.26796875000000003,0.43066406250000006,8.915942382812501,43.79269313812256
0.29787597656250003,-0.24165039062500002,9.1336669921875,43.812684059143066
0.3026611328125,-0.11364746093750001,9.1587890625,43.832913398742676
0.33735351562500004,-0.050244140625,9.945947265625001,43.855618953704834
0.6519775390625,-0.15791015625000002,9.410009765625,43.87283658981323
0.0562255859375,-0.19140625,9.203051757812501,43.893394231796265
0.1591064453125,-0.28591308593750003,9.7078857421875,43.91273283958435
-0.0610107421875,0.12082519531250001,8.84775390625,43.93279218673706
0.2930908203125,0.30983886718750003,9.126489257812501,43.95285129547119
0.42109375000000004,-0.21054687500000002,9.2544921875,43.97283911705017
-0.45698242187500004,-0.44143066406250003,9.549975585937501,43.99277949333191
0.36367187500000003,-0.610107421875,9.1121337890625,44.01286339759827
0.6806884765625001,-0.2583984375,9.328662109375001,44.032856702804565
0.47253417968750006,-0.43664550781250006,9.503320312500001,44.05360770225525
0.3923828125,-0.6711181640625,9.1408447265625,44.07344603538513
0.07297363281250001,-0.5012451171875001,8.994897460937501,44.093852043151855
0.9546386718750001,-0.2930908203125,9.199462890625,44.11322617530823
0.057421875000000004,-0.153125,9.3513916015625,44.132972240448
0.0777587890625,-0.11962890625000001,8.907568359375,44.15471816062927
0.275146484375,-0.10766601562500001,9.151611328125,44.17338967323303
-0.23925781250000003,-0.050244140625,9.1934814453125,44.196354150772095
1.1855224609375001,-0.6352294921875,9.352587890625001,44.21288847923279
0.49645996093750006,-0.49885253906250004,9.213818359375,44.2329740524292
-0.25600585937500003,-0.17705078125,9.1815185546875,44.2529833316803
0.5586669921875,0.035888671875,8.8716796875,44.27410840988159
0.28352050781250004,0.27993164062500003,9.4758056640625,44.293168783187866
0.1184326171875,0.5778076171875001,8.3225830078125,44.313069581985474
0.2572021484375,0.6519775390625,9.343017578125,44.33302640914917
0.6782958984375,1.0000976562500001,9.3442138671875,44.353487491607666
0.09929199218750001,1.2572998046875001,8.5833740234375,44.37305235862732
-0.50244140625,0.5778076171875001,9.628930664062501,44.39311218261719
0.71298828125,0.9271240234375001,9.6241455078125,44.41302132606506
0.5203857421875,0.8170654296875001,9.1886962890625,44.43307638168335
0.5072265625000001,0.6280517578125,9.7330078125,44.45321536064148
0.6639404296875,0.9247314453125001,8.9326904296875,44.473156213760376
0.27395019531250003,0.600537109375,8.9865234375,44.49307465553284
0.3265869140625,0.7452880859375001,8.790332031250001,44.51310110092163
1.29677734375,0.69384765625,8.719750976562501,44.533668756484985
-0.046655273437500006,0.3864013671875,9.585864257812501,44.55327224731445
0.46655273437500006,0.275146484375,8.7053955078125,44.574740409851074
0.61728515625,0.13278808593750002,9.1360595703125,44.59329843521118
0.9797607421875001,0.0011962890625,8.79990234375,44.6133074760437
0.294287109375,-0.4797119140625,9.526049804687501,44.63326454162598
0.49885253906250004,-0.189013671875,9.3920654296875,44.6532199382782
0.24523925781250003,-0.8457763671875,8.740087890625,44.67476224899292
1.1807373046875,0.21772460937500002,8.9853271484375,44.69389510154724
0.3409423828125,-0.1662841796875,9.627734375000001,44.71342611312866
-0.12082519531250001,-0.514404296875,8.730517578125001,44.73362445831299
0.916357421875,-0.6376220703125001,9.168359375000001,44.75338292121887
0.40075683593750006,-0.5706298828125,9.2724365234375,44.773356437683105
0.49287109375000004,-0.7955322265625001,9.220996093750001,44.79626655578613
0.6890625,-0.7907470703125,9.15400390625,44.813445806503296
0.23566894531250002,-0.7369140625,8.947045898437501,44.834924936294556
1.294384765625,-0.18183593750000002,9.299951171875001,44.85339164733887
0.844580078125,0.0155517578125,8.94345703125,44.87339973449707
0.25361328125000004,-0.3840087890625,9.2006591796875,44.89339017868042
0.562255859375,-0.24045410156250002,9.071459960937501,44.9134795665741
0.64599609375,-0.32180175781250003,9.4458984375,44.933520555496216
0.8852539062500001,-0.7285400390625001,9.7461669921875,44.95339560508728
0.5610595703125001,-0.294287109375,9.023608398437501,44.97480607032776
0.0011962890625,-0.308642578125,9.120507812500001,44.99357557296753
0.9175537109375,0.21652832031250002,8.6814697265625,45.01547813415527
0.8362060546875001,0.49885253906250004,8.929101562500001,45.03346133232117
0.2548095703125,-0.035888671875,8.969775390625001,45.05342745780945
0.45698242187500004,-0.0418701171875,8.6072998046875,45.07359170913696
0.28232421875,-0.011962890625,9.414794921875,45.09354615211487
1.0276123046875,0.0945068359375,9.113330078125001,45.11357760429382
0.0035888671875000003,-0.37324218750000004,9.616967773437501,45.13366508483887
0.0897216796875,-0.2643798828125,9.321484375,45.15370988845825
0.9031982421875001,0.15192871093750002,8.94345703125,45.17408347129822
0.6160888671875,0.07297363281250001,8.8369873046875,45.19368124008179
0.24523925781250003,-0.034692382812500006,8.8896240234375,45.21364402770996
0.37563476562500003,-0.29787597656250003,8.905175781250001,45.233590841293335
0.232080078125,0.022729492187500002,8.988916015625001,45.25358438491821
0.9343017578125,-0.1184326171875,9.031982421875,45.27362322807312
0.11484375000000001,-0.3529052734375,9.693530273437501,45.29450726509094
0.6316406250000001,-0.18063964843750002,9.192285156250001,45.314005613327026
0.5754150390625,0.189013671875,9.398046875,45.33390021324158
0.7895507812500001,0.380419921875,8.9614013671875,45.35370969772339
0.6208740234375001,0.6806884765625001,9.149218750000001,45.3738694190979
0.32060546875,0.30146484375000004,8.868090820312501,45.393778800964355
0.44860839843750006,0.020336914062500003,8.8417724609375,45.41434025764465
0.791943359375,0.3241943359375,9.118115234375,45.433959007263184
0.1256103515625,0.0897216796875,9.282006835937501,45.454636573791504
0.7165771484375001,0.0478515625,9.7916259765625,45.47477841377258
0.3385498046875,0.14833984375,8.874072265625001,45.49438834190369
0.7273437500000001,-0.22968750000000002,9.837084960937501,45.51391530036926
0.8625244140625,0.7117919921875,8.261572265625,45.533865213394165
-0.31940917968750004,-0.1854248046875,9.430346679687501,45.55389189720154
0.9630126953125001,0.3864013671875,8.7221435546875,45.57406973838806
0.8661132812500001,0.0801513671875,9.030786132812501,45.59631061553955
0.3481201171875,-0.27753906250000004,9.3801025390625,45.61483669281006
0.35529785156250004,-0.48449707031250006,9.418383789062501,45.634044885635376
0.6471923828125,-0.0478515625,9.2293701171875,45.65398359298706
1.2297851562500002,-0.16748046875,8.976953125000001,45.67394232749939
0.48688964843750004,-0.28591308593750003,9.05830078125,45.69428491592407
0.97138671875,-0.1830322265625,9.072656250000001,45.71463656425476
0.40314941406250004,-0.155517578125,8.7819580078125,45.73399567604065
0.6400146484375,-0.30744628906250004,9.10615234375,45.75402903556824
1.1077636718750001,-0.5849853515625001,9.481787109375,45.77403402328491
-0.27395019531250003,-0.3361572265625,9.4351318359375,45.79480504989624
1.031201171875,-0.648388671875,9.282006835937501,45.81411075592041
0.452197265625,-0.18662109375000002,9.08701171875,45.83473587036133
0.6160888671875,-0.2583984375,8.742480468750001,45.854252338409424
0.28352050781250004,-0.23566894531250002,9.075048828125,45.87426495552063
0.791943359375,-0.40314941406250004,8.7269287109375,45.894145488739014
0.44860839843750006,-0.0825439453125,8.936279296875,45.91425323486328
0.6113037109375,-0.25959472656250004,9.496142578125001,45.93711233139038
0.346923828125,-0.5323486328125,9.486572265625,45.95412540435791
0.63642578125,-0.49765625,8.9865234375,45.97416591644287
0.5897705078125001,0.11962890625000001,8.909960937500001,45.9941201210022
0.4198974609375,-0.184228515625,9.194677734375,46.014195919036865
0.6376220703125001,0.1662841796875,9.125292968750001,46.034168004989624
0.3050537109375,-0.0478515625,8.7747802734375,46.05448651313782
1.0443603515625002,0.0765625,8.670703125000001,46.077038049697876
0.026318359375000003,-0.20336914062500003,9.053515625000001,46.09430956840515
0.6555664062500001,-0.33137207031250004,10.0500244140625,46.11428642272949
0.3828125,-0.22968750000000002,9.1528076171875,46.134291648864746
0.8732910156250001,-0.260791015625,9.56552734375,46.15455102920532
0.31940917968750004,0.057421875000000004,8.737695312500001,46.17470359802246
0.9175537109375,-0.3624755859375,9.548779296875,46.194427490234375
0.3361572265625,0.509619140625,8.431445312500001,46.21582841873169
-0.2583984375,-0.057421875000000004,9.545190429687501,46.23449468612671
1.198681640625,0.3349609375,8.9494384765625,46.25554370880127
-0.18781738281250002,-0.2009765625,9.30234375,46.27445149421692
0.16389160156250002,-0.7524658203125001,9.5224609375,46.29454731941223
0.30983886718750003,0.30146484375000004,8.632421875,46.31464600563049
0.49645996093750006,-0.9606201171875001,9.6600341796875,46.33627533912659
0.5538818359375001,0.0059814453125,8.3871826171875,46.35464358329773
0.37563476562500003,-0.27155761718750004,9.553564453125,46.37479567527771
0.85654296875,-0.122021484375,8.7580322265625,46.394580364227295
0.22370605468750002,-0.208154296875,9.0140380859375,46.4155969619751
0.576611328125,-0.47851562500000006,9.712670898437501,46.43488574028015
0.6890625,-0.6747070312500001,9.036767578125001,46.45577263832092
0.1160400390625,-0.5395263671875,9.16357421875,46.47458577156067
1.1221191406250002,-0.49885253906250004,8.957812500000001,46.494627952575684
0.5897705078125001,-0.19858398437500002,8.8944091796875,46.51800203323364
0.5251708984375001,-0.3840087890625,9.220996093750001,46.534827709198
0.3122314453125,-0.4318603515625,9.137255859375001,46.55495548248291
0.61728515625,-0.022729492187500002,9.3035400390625,46.57470154762268
0.9151611328125001,-0.41152343750000003,9.581079101562501,46.5947060585022
0.07297363281250001,-0.3983642578125,9.1647705078125,46.614742040634155
0.284716796875,-0.31103515625,9.192285156250001,46.634690284729004
0.765625,0.11484375000000001,8.8908203125,46.654680252075195
0.6160888671875,0.3983642578125,8.864501953125,46.674683809280396
0.37324218750000004,0.051440429687500004,8.9326904296875,46.69474124908447
0.43903808593750004,-0.15671386718750002,8.652758789062501,46.71579051017761
0.41152343750000003,-0.20456542968750002,9.433935546875,46.73512530326843
0.7105957031250001,-0.270361328125,9.567919921875001,46.756267786026
0.6471923828125,-0.284716796875,9.2054443359375,46.77479529380798
0.287109375,-0.2069580078125,9.258081054687501,46.79486584663391
0.3241943359375,0.2883056640625,8.784350585937501,46.815101146698
1.0742675781250002,0.40075683593750006,9.2963623046875,46.8350465297699
0.7225585937500001,0.32778320312500003,9.132470703125001,46.85874342918396
0.3026611328125,-0.11005859375,8.9673828125,46.87487840652466
0.5849853515625001,-0.27275390625,9.090600585937501,46.89493680000305
0.9570312500000001,0.02392578125,8.941064453125001,46.914857149124146
0.5251708984375001,-0.5993408203125,9.414794921875,46.934906005859375
0.46894531250000004,-0.35769042968750003,9.107348632812501,46.95493197441101
0.38879394531250006,-0.370849609375,8.9673828125,46.97491455078125
0.940283203125,0.0275146484375,9.137255859375001,46.99494171142578
0.7070068359375,0.035888671875,8.970971679687501,47.01509141921997
0.06220703125,-0.21772460937500002,8.845361328125001,47.03528642654419
0.5239746093750001,-0.29787597656250003,8.754443359375001,47.05520415306091
0.19140625,-0.31103515625,9.119311523437501,47.076977014541626
0.9654052734375,-0.5610595703125001,9.473413085937501,47.095396757125854
0.3720458984375,-0.43664550781250006,9.16357421875,47.115082025527954
0.1303955078125,-0.366064453125,8.927905273437501,47.13505673408508
1.0587158203125,-0.2428466796875,9.084619140625001,47.15862846374512
0.7751953125000001,0.0478515625,9.144433593750001,47.1760516166687
0.4701416015625,-0.260791015625,9.1528076171875,47.19519758224487
0.5646484375,-0.29548339843750004,9.091796875,47.214967489242554
0.8864501953125,0.16987304687500002,9.2604736328125,47.249794244766235
0.892431640625,-0.45458984375000006,9.645678710937501,47.255473136901855
0.083740234375,-0.17465820312500002,9.3310546875,47.2787299156189
0.3481201171875,-0.8960205078125001,8.708984375,47.296786069869995
0.935498046875,-1.236962890625,9.3202880859375,47.315393686294556
0.3385498046875,-0.9319091796875001,8.838183593750001,47.339537143707275
0.38879394531250006,-1.6508789062500002,9.000878906250001,47.35532259941101
0.011962890625,-1.9236328125000002,9.558349609375,47.376083850860596
0.5156005859375,-2.0061767578125003,8.826220703125001,47.395559310913086
0.8720947265625001,-2.457177734375,9.941162109375,47.415229082107544
0.5909667968750001,-1.9080810546875002,8.8537353515625,47.44167971611023
-0.05383300781250001,-1.8315185546875001,9.2245849609375,47.457072496414185
0.11484375000000001,-1.3601806640625,8.676684570312501,47.47633910179138
0.30983886718750003,-0.8613281250000001,8.907568359375,47.495325326919556
0.13398437500000002,-1.7884521484375002,10.382592773437501,47.51550316810608
-0.33376464843750003,-1.064697265625,9.1217041015625,47.53570103645325
0.1351806640625,-1.3051513671875001,9.329858398437501,47.55543518066406
0.8936279296875,-1.3841064453125,10.056005859375,47.575581312179565
0.34931640625000004,-0.7775878906250001,8.688647460937501,47.59545040130615
0.5897705078125001,-0.5359375000000001,9.453076171875,47.61548399925232
0.1160400390625,0.3648681640625,8.768798828125,47.638166666030884
-0.05981445312500001,0.61728515625,9.234155273437501,47.65535807609558
0.12082519531250001,0.09689941406250001,9.27841796875,47.68355345726013
-0.0095703125,0.13278808593750002,8.744873046875,47.695353507995605
0.32060546875,-0.1375732421875,9.23056640625,47.71547985076904
0.22250976562500002,0.1184326171875,9.582275390625,47.73548483848572
-0.6136962890625001,0.7357177734375,8.6312255859375,47.75548458099365
0.1471435546875,0.49645996093750006,9.837084960937501,47.77553033828735
-0.43903808593750004,0.122021484375,9.144433593750001,47.79550647735596
0.40554199218750003,0.68427734375,9.151611328125,47.815733432769775
0.6495849609375001,0.7787841796875,8.3740234375,47.835848331451416
0.15073242187500002,-0.11125488281250001,9.065478515625001,47.85564136505127
-0.11484375000000001,0.3385498046875,8.9135498046875,47.87562918663025
0.5156005859375,0.5072265625000001,9.2245849609375,47.89559459686279
0.9498535156250001,0.30983886718750003,9.059497070312501,47.9155707359314
-0.5658447265625001,-0.23925781250000003,9.849047851562501,47.9367458820343
-0.18063964843750002,-0.2906982421875,9.292773437500001,47.956380128860474
0.5550781250000001,-0.24763183593750002,9.261669921875,47.97555351257324
0.5251708984375001,0.1423583984375,9.286791992187501,47.995545387268066
0.1830322265625,0.141162109375,9.122900390625,48.015692710876465
-0.112451171875,0.021533203125,9.143237304687501,48.03583383560181
0.22370605468750002,0.31103515625,8.3560791015625,48.05664348602295
0.5108154296875,-0.1040771484375,9.364550781250001,48.07729244232178
-0.0705810546875,-0.6806884765625001,9.4470947265625,48.09581804275513
0.43664550781250006,-0.8015136718750001,9.45068359375,48.11586856842041
0.46894531250000004,-0.528759765625,8.9494384765625,48.13563942909241
0.5957519531250001,-0.42109375000000004,9.869384765625,48.15749907493591
0.17465820312500002,-0.5108154296875,9.4518798828125,48.17585873603821
-0.1902099609375,0.23447265625000002,8.921923828125001,48.19562768936157
0.5957519531250001,0.428271484375,8.880053710937501,48.215874433517456
0.11962890625000001,-0.47253417968750006,9.030786132812501,48.235745906829834
-0.022729492187500002,-0.37802734375,9.73779296875,48.260883808135986
0.18781738281250002,-0.2906982421875,9.090600585937501,48.278197288513184
0.68427734375,-1.0599121093750001,8.9063720703125,48.296759605407715
0.8780761718750001,-1.4008544921875001,10.1696533203125,48.31606698036194
-0.008374023437500001,-1.7334228515625,9.462646484375,48.3360595703125
0.5239746093750001,-1.2238037109375002,9.167163085937501,48.36332941055298
-0.1949951171875,-1.1950927734375,8.53671875,48.37649965286255
-0.4581787109375,-1.5898681640625,8.815454101562501,48.39586901664734
0.7177734375,-1.665234375,10.130175781250001,48.41585087776184
-0.07895507812500001,-2.0480468750000003,9.262866210937501,48.43589377403259
-0.6160888671875,-2.2286865234375,9.826318359375001,48.49316596984863
-0.46894531250000004,-1.3362548828125,9.526049804687501,48.49928069114685
-1.0359863281250001,-1.3099365234375,7.8967041015625,48.49928879737854
-0.26318359375,-2.0181396484375003,8.8250244140625,48.51602530479431
-0.7213623046875001,-0.34572753906250003,10.925708007812501,48.53615736961365
0.24523925781250003,-1.1711669921875,7.1095458984375,48.556159257888794
-1.0958007812500001,-1.4451171875000002,9.7389892578125,48.57612156867981
-0.3720458984375,-0.8254394531250001,10.7606201171875,48.59953045845032
-0.50244140625,-0.648388671875,7.3344482421875,48.61601948738098
-0.6196777343750001,-1.1161376953125002,11.809765625,48.63594031333923
-1.280029296875,0.33137207031250004,8.8656982421875,48.65589880943298
-0.8589355468750001,-0.9534423828125,8.049829101562501,48.67603302001953
-1.1077636718750001,-0.3409423828125,11.0537109375,48.72914528846741
-1.5468017578125002,0.4557861328125,9.0283935546875,48.74834585189819
-0.2763427734375,-0.46655273437500006,7.856030273437501,48.74835395812988
-1.1185302734375,1.3733398437500002,10.58955078125,48.75596070289612
-0.294287109375,-0.61728515625,8.9614013671875,48.776026487350464
-0.5251708984375001,0.41271972656250006,8.5714111328125,48.79602861404419
-0.7034179687500001,0.593359375,11.176928710937501,48.816473960876465
-0.533544921875,-0.4222900390625,7.5378173828125,48.83630657196045
-2.5971435546875004,-0.6878662109375,11.124291992187501,48.8561646938324
-0.7452880859375001,-0.4880859375,10.960400390625,48.87610673904419
-0.2380615234375,-0.1854248046875,7.055712890625,48.89607095718384
-0.3002685546875,0.6914550781250001,9.276025390625001,48.91605234146118
-0.6735107421875001,-0.016748046875000002,9.9435546875,48.936169147491455
-0.11364746093750001,0.8577392578125,7.3583740234375,48.95610499382019
-0.3744384765625,0.5586669921875,8.742480468750001,48.97617959976196
0.39357910156250003,0.22370605468750002,9.1336669921875,48.9962592124939
0.27155761718750004,0.5132080078125001,7.9182373046875005,49.016411542892456
-0.0921142578125,-0.34333496093750004,8.280712890625,49.036351919174194
-1.5264648437500001,0.08493652343750001,9.6265380859375,49.05624461174011
-0.23566894531250002,-0.8720947265625001,9.558349609375,49.07803797721863
0.3720458984375,-0.5921630859375,8.3991455078125,49.09706139564514
-1.1328857421875,-0.6017333984375001,9.861010742187501,49.117067098617554
0.3864013671875,-0.3170166015625,9.1217041015625,49.13678550720215
-0.452197265625,-0.41630859375,8.8728759765625,49.156633377075195
0.41870117187500006,-0.16987304687500002,8.3800048828125,49.17749571800232
-0.12919921875,1.280029296875,9.37412109375,49.1969678401947
-0.7500732421875,-1.0599121093750001,8.9542236328125,49.21619987487793
0.02392578125,-1.29677734375,8.695825195312501,49.23628830909729
-0.7093994140625001,0.47133789062500003,9.4207763671875,49.256476402282715
0.44143066406250003,-0.2643798828125,9.512890625,49.277910470962524
-1.3374511718750002,-0.0011962890625,9.0331787109375,49.31034827232361
-1.0946044921875,0.5060302734375001,10.63740234375,49.31948685646057
-0.2667724609375,-0.3349609375,8.647973632812501,49.33637571334839
-0.3600830078125,0.90439453125,8.814257812500001,49.356367349624634
-0.7237548828125,0.8780761718750001,9.9854248046875,49.37798500061035
-0.22849121093750002,1.2154296875000001,8.99609375,49.39635443687439
-1.0036865234375,1.0323974609375002,8.17783203125,49.41871762275696
-0.19260253906250002,0.5897705078125001,9.462646484375,49.43648433685303
0.15791015625000002,1.7561523437500002,9.3035400390625,49.45664310455322
-0.5191894531250001,0.6328369140625001,9.563134765625001,49.4766321182251
-0.2189208984375,0.40913085937500004,9.382495117187501,49.49659776687622
-0.44741210937500003,1.471435546875,8.974560546875,49.51653289794922
-0.1435546875,0.8517578125,8.5498779296875,49.53657293319702
-0.287109375,0.24404296875,9.343017578125,49.55767273902893
0.179443359375,0.2572021484375,9.6073974609375,49.57659983634949
-0.38520507812500004,0.5239746093750001,8.9255126953125,49.59659481048584
-0.26318359375,0.3983642578125,8.981738281250001,49.61660146713257
-0.013159179687500001,-0.29548339843750004,9.9854248046875,49.63662505149841
0.42707519531250004,-0.0275146484375,9.768896484375,49.65657663345337
-0.52158203125,-0.41870117187500006,9.1240966796875,49.6791832447052
-0.14475097656250002,-0.41750488281250003,8.976953125000001,49.69663143157959
1.055126953125,0.13278808593750002,9.365747070312501,49.7169246673584
-0.088525390625,-0.0681884765625,9.418383789062501,49.73679733276367
-0.366064453125,-0.9378906250000001,9.4997314453125,49.75743556022644
0.46296386718750004,-0.6854736328125001,8.773583984375001,49.77732872962952
1.0264160156250002,-0.6507812500000001,9.9471435546875,49.7969810962677
-0.19858398437500002,-0.5562744140625,9.4279541015625,49.8167462348938
0.3828125,-0.42468261718750006,9.0630859375,49.836809158325195
0.3026611328125,-0.3481201171875,9.457861328125,49.85676670074463
0.7428955078125,-0.5275634765625,9.401635742187501,49.876851320266724
0.562255859375,-0.07536621093750001,9.1575927734375,49.89769387245178
-0.39118652343750004,-0.653173828125,8.6551513671875,49.91699194908142
-0.23447265625000002,-0.15791015625000002,8.1407470703125,49.93729639053345
0.4462158203125,-0.4797119140625,9.6600341796875,49.95690155029297
0.1710693359375,-0.3026611328125,9.334643554687501,49.97691321372986
0.0765625,-0.5790039062500001,8.05341796875,50.00024104118347
-0.8816650390625,-1.091015625,10.5357177734375,50.01690483093262
0.7524658203125001,0.5957519531250001,8.73291015625,50.036956548690796
0.0765625,0.0681884765625,7.931396484375001,50.057074546813965
-0.8170654296875001,0.1782470703125,9.9710693359375,50.07709097862244
0.08493652343750001,-0.189013671875,9.098974609375,50.09695243835449
-0.04306640625,0.30625,7.7148681640625005,50.11755895614624
0.30625,-0.6148925781250001,10.04404296875,50.14713907241821
-0.6495849609375001,-0.514404296875,9.018823242187501,50.15849804878235
0.31103515625,0.16389160156250002,8.575000000000001,50.17747926712036
0.0370849609375,-0.23566894531250002,9.979443359375,50.19885039329529
0.12800292968750002,-0.07177734375,8.749658203125001,50.217161417007446
-0.055029296875,-0.26318359375,9.49853515625,50.23823952674866
0.22849121093750002,0.6065185546875,8.610888671875001,50.260308265686035
-0.21174316406250002,0.06340332031250001,8.2627685546875,50.2823269367218
0.36845703125,0.19379882812500002,9.610986328125001,50.2984836101532
-0.3170166015625,0.44262695312500006,9.008056640625,50.322641134262085
0.11723632812500001,-0.12082519531250001,8.7460693359375,50.34273624420166
-0.10048828125,0.07536621093750001,9.4925537109375,50.357417345047
0.5646484375,0.12680664062500002,9.87177734375,50.377265214920044
-0.21533203125000003,-0.36965332031250003,8.546289062500001,50.397109031677246
0.022729492187500002,0.07177734375,9.155200195312501,50.41714406013489
-0.14594726562500002,0.916357421875,9.203051757812501,50.44265127182007
0.3505126953125,0.30625,9.23056640625,50.457144260406494
0.1303955078125,0.48688964843750004,9.3310546875,50.477298974990845
-0.5790039062500001,0.440234375,9.046337890625,50.49733591079712
0.2883056640625,1.0120605468750001,8.4422119140625,50.51854991912842
0.189013671875,0.30385742187500003,8.9063720703125,50.53726768493652
0.4462158203125,-0.37922363281250004,9.676782226562501,50.557250022888184
-0.43305664062500004,-0.136376953125,8.909960937500001,50.57728099822998
0.37922363281250004,-0.41152343750000003,9.2963623046875,50.59756255149841
0.26796875000000003,-0.1256103515625,9.8418701171875,50.61799120903015
0.064599609375,0.088525390625,9.3753173828125,50.63736271858215
-0.11962890625000001,-0.21054687500000002,8.7412841796875,50.65740084648132
0.413916015625,-0.11723632812500001,8.748461914062501,50.67734479904175
0.9031982421875001,0.19978027343750002,8.976953125000001,50.69740676879883
0.37563476562500003,-0.13278808593750002,9.138452148437501,50.717278480529785
0.212939453125,-0.155517578125,9.138452148437501,50.73735857009888
0.22131347656250003,-0.308642578125,9.418383789062501,50.7573447227478
0.7823730468750001,-0.18183593750000002,9.299951171875001,50.77751088142395
0.1040771484375,-0.5156005859375,10.0069580078125,50.79762625694275
0.772802734375,-0.39357910156250003,9.256884765625001,50.81873059272766
-0.033496093750000004,-0.42109375000000004,8.57978515625,50.83781385421753
0.18781738281250002,0.09091796875000001,8.8058837890625,50.85771703720093
0.36845703125,0.0370849609375,9.3501953125,50.87757205963135
-0.3864013671875,-0.40075683593750006,9.1288818359375,50.89751982688904
-0.029907226562500003,-0.27275390625,8.692236328125,50.91753959655762
-0.20576171875000002,-0.0322998046875,9.8825439453125,50.93765187263489
0.43903808593750004,-0.0861328125,8.7053955078125,50.95750021934509
0.0897216796875,-0.270361328125,9.716259765625,50.977500677108765
-0.2201171875,-0.5000488281250001,9.389672851562501,50.998157024383545
0.35170898437500003,-0.0071777343750000005,9.603808593750001,51.01786804199219
0.141162109375,-0.38520507812500004,9.596630859375,51.041552782058716
-0.22250976562500002,0.08134765625000001,8.947045898437501,51.05852556228638
-0.06699218750000001,0.19978027343750002,8.708984375,51.077723026275635
0.7895507812500001,0.753662109375,8.437426757812501,51.09799003601074
-0.6543701171875,-0.136376953125,9.5356201171875,51.119529724121094
-0.12082519531250001,-0.41511230468750004,9.481787109375,51.14212608337402
0.5072265625000001,-0.050244140625,9.042749023437501,51.16052460670471
0.30983886718750003,-0.34453125,9.788037109375,51.17844796180725
0.0155517578125,-0.461767578125,9.481787109375,51.19807243347168
-0.1543212890625,-0.5060302734375001,9.932788085937501,51.21773838996887
0.0945068359375,0.008374023437500001,9.0822265625,51.239206314086914
0.10168457031250001,-0.05383300781250001,8.747265625,51.25777077674866
0.516796875,-0.184228515625,9.175537109375,51.27772521972656
0.3505126953125,0.098095703125,9.48896484375,51.299111127853394
-0.00478515625,-0.57421875,8.287890625000001,51.31774926185608
-0.3720458984375,-0.5562744140625,8.981738281250001,51.337756872177124
0.051440429687500004,-1.1580078125000002,8.9925048828125,51.35766649246216
1.4606689453125001,-0.9319091796875001,9.0642822265625,51.37776780128479
-0.055029296875,-1.7956298828125001,9.856225585937501,51.39795136451721
-0.45698242187500004,-1.3948730468750001,8.964990234375001,51.41778588294983
-0.055029296875,-0.9941162109375,9.091796875,51.437809467315674
0.13398437500000002,-1.643701171875,8.646777343750001,51.45812439918518
-0.15671386718750002,-0.5634521484375,8.3584716796875,51.47810077667236
0.0777587890625,-0.7261474609375,9.704296875,51.49801802635193
0.5359375000000001,-0.6029296875000001,8.384790039062501,51.51795840263367
0.37802734375,-0.7560546875,9.610986328125001,51.53841781616211
-0.19260253906250002,-1.7980224609375002,9.861010742187501,51.55794906616211
-0.7225585937500001,0.13996582031250002,7.931396484375001,51.578213930130005
-0.9498535156250001,-0.49765625,9.276025390625001,51.597997426986694
-0.9666015625000001,-2.7024169921875,10.510595703125,51.617968797683716
-0.9079833984375001,0.9187500000000001,8.683862304687501,51.63875865936279
-0.6890625,-0.2966796875,8.7149658203125,51.65788745880127
-0.1040771484375,-0.25002441406250003,8.4757080078125,51.6788547039032
-1.41162109375,0.7763916015625001,10.662524414062501,51.69814109802246
0.28591308593750003,-0.5371337890625001,8.4063232421875,51.71809387207031
-0.9677978515625001,0.07895507812500001,8.7568359375,51.74039649963379
-1.2046630859375,0.21054687500000002,10.8036865234375,51.75804591178894
0.16748046875,-0.3409423828125,8.78076171875,51.77806377410889
-0.098095703125,0.1375732421875,9.77607421875,51.79810452461243
-0.6735107421875001,-0.3529052734375,10.8946044921875,51.818132400512695
-0.2906982421875,0.47253417968750006,7.964892578125,51.838385820388794
-0.034692382812500006,-0.5191894531250001,9.6504638671875,51.85832405090332
-1.3936767578125,-0.87568359375,10.777368164062501,51.87817049026489
-0.346923828125,0.0442626953125,8.5068115234375,51.89819025993347
-0.46057128906250006,0.1160400390625,8.287890625000001,51.918121576309204
0.08732910156250001,0.55029296875,9.902880859375001,51.938483238220215
-0.35769042968750003,0.2906982421875,8.625244140625,51.958290338516235
-1.1998779296875002,-0.10766601562500001,8.99609375,51.97915434837341
0.13398437500000002,0.5945556640625,9.555957031250001,51.998217821121216
-0.18183593750000002,0.48090820312500004,7.4181884765625,52.01892042160034
0.28591308593750003,-1.021630859375,11.046533203125001,52.03876781463623
-0.6256591796875001,0.1782470703125,8.856127929687501,52.05820393562317
-0.131591796875,0.5921630859375,7.957714843750001,52.08138561248779
-0.46535644531250003,-0.41750488281250003,11.009448242187501,52.09840989112854
-0.051440429687500004,0.1375732421875,7.6813720703125,52.11861872673035
-0.1184326171875,-0.33137207031250004,8.216113281250001,52.14135980606079
-1.3338623046875,-0.6687255859375001,10.902978515625001,52.15917348861694
-0.21054687500000002,0.6675292968750001,8.3225830078125,52.17854142189026
0.43664550781250006,-0.38520507812500004,8.668310546875,52.2010772228241
0.18781738281250002,-0.13876953125000002,8.951831054687501,52.218186140060425
-0.6806884765625001,-0.48330078125000003,8.256787109375,52.23826313018799
-1.0969970703125,-0.09929199218750001,9.788037109375,52.25925612449646
0.00478515625,-0.9845458984375001,10.4878662109375,52.27854776382446
0.0071777343750000005,-0.6866699218750001,8.281909179687501,52.299352169036865
-1.160400390625,0.5084228515625,8.9302978515625,52.31855082511902
0.8529541015625001,2.2801269531250004,9.723437500000001,52.33853340148926
-1.4606689453125001,1.7932373046875,8.3345458984375,52.35832858085632
0.332568359375,3.3017578125000004,9.240136718750001,52.3784875869751
0.026318359375000003,3.3017578125000004,10.231860351562501,52.39879488945007
0.5431152343750001,3.6809814453125003,8.389575195312501,52.41848802566528
0.5299560546875001,4.318603515625,9.305932617187501,52.44280028343201
0.50244140625,3.9417724609375004,8.773583984375001,52.45879554748535
0.5000488281250001,3.4130126953125,9.030786132812501,52.478517055511475
0.4701416015625,2.5492919921875004,8.9853271484375,52.498491525650024
0.5323486328125,0.24045410156250002,9.668408203125,52.51847720146179
0.9929199218750001,0.11484375000000001,9.213818359375,52.538492918014526
-0.23566894531250002,0.4438232421875,9.0762451171875,52.56004524230957
0.605322265625,-0.49645996093750006,9.338232421875,52.58015966415405
1.4463134765625,-0.15192871093750002,9.4447021484375,52.59865117073059
-0.47373046875,-0.1782470703125,9.222192382812501,52.62002396583557
0.8732910156250001,-0.47253417968750006,9.6026123046875,52.63860535621643
0.33137207031250004,0.131591796875,8.62763671875,52.65855932235718
0.7381103515625,-0.07536621093750001,9.3442138671875,52.6785306930542
0.476123046875,-0.36845703125,9.1575927734375,52.69852256774902
0.10288085937500001,-1.0276123046875,9.7509521484375,52.71854496002197
0.9151611328125001,-0.7381103515625,9.240136718750001,52.738555669784546
0.7405029296875001,-0.7070068359375,9.649267578125,52.75854849815369
0.37563476562500003,-0.299072265625,9.1599853515625,52.77854108810425
0.8649169921875001,-0.11962890625000001,9.1396484375,52.79899191856384
0.69384765625,0.19140625,9.0738525390625,52.81869411468506
0.131591796875,0.1614990234375,8.878857421875,52.83868622779846
0.8374023437500001,-0.1375732421875,9.089404296875001,52.85982322692871
0.1351806640625,-0.5132080078125001,9.381298828125,52.878626346588135
0.09331054687500001,-0.366064453125,9.502124023437501,52.90027165412903
0.8912353515625001,-0.236865234375,9.215014648437501,52.91861057281494
0.42348632812500003,-0.0777587890625,9.0044677734375,52.93870186805725
0.30983886718750003,0.15791015625000002,9.222192382812501,52.95864129066467
0.49287109375000004,0.33735351562500004,9.0092529296875,52.978644132614136
0.42348632812500003,0.1351806640625,8.767602539062501,52.998828172683716
0.7369140625,-0.260791015625,9.138452148437501,53.01893496513367
0.2189208984375,-0.5790039062500001,9.529638671875,53.03878450393677
0.29189453125000003,-0.25600585937500003,9.340625000000001,53.05880522727966
0.9031982421875001,-0.16867675781250002,9.027197265625,53.078861951828
0.38879394531250006,-0.1662841796875,9.146826171875,53.111674308776855
0.61728515625,0.11364746093750001,9.2054443359375,53.118725538253784
0.47731933593750003,0.22250976562500002,9.079833984375,53.14686679840088
0.8481689453125001,0.270361328125,8.8046875,53.158947706222534
0.7105957031250001,-0.33376464843750003,9.006860351562501,53.17905640602112
0.10527343750000001,-0.6220703125,9.670800781250001,53.20136570930481
0.4557861328125,-0.380419921875,9.497338867187501,53.21884202957153
0.6806884765625001,-0.17465820312500002,9.526049804687501,53.238877058029175
0.5849853515625001,-0.3541015625,9.34541015625,53.25974798202515
0.5227783203125,0.09091796875000001,9.1480224609375,53.43026256561279
0.3505126953125,0.09091796875000001,8.9865234375,53.43027091026306
0.7763916015625001,0.3002685546875,8.724536132812501,53.43027424812317
0.3026611328125,0.13398437500000002,8.9805419921875,53.4302773475647
0.50244140625,-0.5191894531250001,9.433935546875,53.43028020858765
0.1854248046875,-0.5443115234375,9.5116943359375,53.430283069610596
1.2572998046875001,-1.3530029296875001,9.792822265625,53.43144750595093
0.3170166015625,0.3026611328125,8.6216552734375,53.43145537376404
0.8840576171875001,-0.19379882812500002,10.088305664062501,53.439255237579346
-0.21772460937500002,0.3828125,8.4158935546875,53.45954465866089
1.9678955078125002,-0.6567626953125001,9.9303955078125,53.55727028846741
-0.4198974609375,0.2643798828125,7.9110595703125,53.558979988098145
0.1064697265625,-0.959423828125,10.010546875000001,53.55898857116699
0.7871582031250001,-0.6890625,9.0762451171875,53.55899214744568
0.6747070312500001,-0.6328369140625001,9.725830078125,53.56025242805481
0.3768310546875,-0.31940917968750004,8.580981445312501,53.57935404777527
0.5431152343750001,-0.586181640625,9.5607421875,53.59938907623291
0.7716064453125001,0.3720458984375,8.476904296875,53.6937153339386
0.44501953125000004,-0.36127929687500004,9.3310546875,53.695180892944336
0.0071777343750000005,-0.046655273437500006,8.742480468750001,53.695188999176025
1.6245605468750002,-0.5371337890625001,9.4279541015625,53.69519233703613
-0.28591308593750003,-0.7177734375,9.098974609375,53.69959998130798
0.5371337890625001,-0.36127929687500004,9.3609619140625,53.72014141082764
1.3015625000000002,-0.42707519531250004,9.095385742187501,53.82533884048462
0.1256103515625,-0.40554199218750003,8.832202148437501,53.82801532745361
0.48928222656250003,0.0897216796875,9.027197265625,53.828023195266724
0.6507812500000001,0.1375732421875,9.150415039062501,53.82802677154541
0.49885253906250004,-0.034692382812500006,8.707788085937501,53.82802939414978
0.6878662109375,-0.41630859375,9.223388671875,53.839603662490845
-0.1303955078125,-0.5419189453125001,9.5308349609375,53.86019515991211
0.69384765625,-0.32778320312500003,9.406420898437501,53.954731941223145
0.5084228515625,-0.20935058593750003,9.4758056640625,53.95699501037598
0.5012451171875001,0.013159179687500001,8.975756835937501,53.957003355026245
0.35529785156250004,0.39118652343750004,8.9494384765625,53.95700669288635
0.18662109375000002,0.346923828125,9.000878906250001,53.95979881286621
0.672314453125,0.25361328125000004,9.0439453125,53.97974109649658
0.5598632812500001,-0.0418701171875,9.3561767578125,53.999695777893066
-0.028710937500000002,-0.3828125,9.401635742187501,54.09031581878662
0.44501953125000004,-0.13398437500000002,9.677978515625,54.09032344818115
0.7213623046875001,-0.10048828125,9.569116210937501,54.09032654762268
0.516796875,-0.07297363281250001,8.742480468750001,54.09032940864563
0.8338134765625,0.3600830078125,9.398046875,54.09968090057373
-0.3385498046875,0.2787353515625,8.931494140625,54.12052583694458
1.1484375,-0.040673828125000006,9.430346679687501,54.220136642456055
0.389990234375,-0.16748046875,8.546289062500001,54.22223711013794
0.8613281250000001,-0.346923828125,9.7078857421875,54.22224164009094
0.03828125,-0.33017578125,9.587060546875001,54.222243309020996
1.1005859375,-0.3241943359375,9.5667236328125,54.22224473953247
0.8816650390625,-0.2189208984375,8.596533203125,54.239675998687744
0.509619140625,-0.045458984375000004,9.622949218750001,54.259819746017456
0.21772460937500002,0.1256103515625,8.7891357421875,54.35598921775818
1.2297851562500002,-0.165087890625,9.4171875,54.35785961151123
-0.031103515625,0.3289794921875,8.4637451171875,54.35786819458008
0.5550781250000001,-0.088525390625,9.73779296875,54.357871294021606
0.160302734375,-0.16269531250000002,8.84296875,54.360782623291016
0.44143066406250003,-0.1949951171875,9.388476562500001,54.37983274459839
0.6471923828125,0.179443359375,9.114526367187501,54.49281454086304
0.39477539062500006,-0.9259277343750001,9.031982421875,54.49511384963989
0.6089111328125001,0.0071777343750000005,9.3501953125,54.49512219429016
0.3624755859375,-0.7704101562500001,8.713769531250001,54.49512529373169
0.8122802734375001,-1.2632812500000001,9.496142578125001,54.49512791633606
0.8697021484375,-1.0024902343750002,9.4518798828125,54.50044536590576
0.7369140625,-1.2716552734375002,9.4877685546875,54.52011585235596
-0.1040771484375,-1.3972656250000002,9.213818359375,54.54049563407898
0.9127685546875001,-0.7763916015625001,8.6575439453125,54.56005620956421
0.8888427734375001,-0.6017333984375001,9.449487304687501,54.579819202423096
0.31342773437500004,-0.9151611328125001,8.827416992187501,54.60055351257324
0.6256591796875001,-0.8601318359375001,9.246118164062501,54.620744705200195
0.48688964843750004,-0.988134765625,9.4925537109375,54.64432406425476
1.1915039062500001,-1.021630859375,9.563134765625001,54.65992498397827
-0.26198730468750003,-0.5467041015625,9.419580078125001,54.67993235588074
0.1435546875,-0.24523925781250003,8.883642578125,54.69996929168701
0.48090820312500004,-0.27155761718750004,9.023608398437501,54.72027277946472
0.5311523437500001,-0.141162109375,9.0929931640625,54.74351119995117
0.48928222656250003,-0.019140625,8.8908203125,54.76010346412659
0.2763427734375,0.0801513671875,8.689843750000001,54.793049812316895
0.32060546875,0.0035888671875000003,9.0451416015625,54.800063133239746
0.74169921875,-0.184228515625,9.92919921875,54.820340156555176
0.5538818359375001,-0.122021484375,9.292773437500001,54.840033531188965
-0.23327636718750003,-0.088525390625,9.394458007812501,54.86010479927063
0.437841796875,0.36127929687500004,8.744873046875,54.880112648010254
1.0108642578125,0.56943359375,9.161181640625001,54.90023922920227
0.47731933593750003,0.5275634765625,9.1587890625,54.92166066169739
0.5347412109375,0.356494140625,9.118115234375,54.94157361984253
0.22370605468750002,0.36965332031250003,8.951831054687501,54.961257457733154
0.7333251953125001,0.43664550781250006,8.646777343750001,54.981913566589355
0.538330078125,0.031103515625,9.276025390625001,55.002732038497925
0.49047851562500006,0.026318359375000003,8.927905273437501,55.02877688407898
-0.16987304687500002,-0.12919921875,9.155200195312501,55.04081630706787
0.8900390625000001,0.19140625,8.808276367187501,55.06434154510498
0.5203857421875,0.1303955078125,9.189892578125,55.08033776283264
-0.0059814453125,0.1591064453125,8.7221435546875,55.106112003326416
0.284716796875,0.12800292968750002,9.1217041015625,55.12742733955383
0.051440429687500004,0.0,8.900390625,55.148210525512695
1.174755859375,-0.17705078125,9.358569335937501,55.16140699386597
-0.14833984375,-0.5132080078125001,9.191088867187501,55.188634634017944
0.15671386718750002,-0.46296386718750004,8.905175781250001,55.200358390808105
1.06708984375,-0.07895507812500001,8.9015869140625,55.26462149620056
0.784765625,0.034692382812500006,8.665917968750001,55.26628804206848
0.440234375,-0.12800292968750002,8.939868164062501,55.266295194625854
0.172265625,-0.19858398437500002,9.108544921875001,55.28057599067688
0.8493652343750001,0.095703125,8.792724609375,55.31069016456604
0.844580078125,-0.4498046875,9.2126220703125,55.33829951286316
0.66513671875,-0.7381103515625,9.577490234375,55.34741759300232
-0.026318359375000003,-1.3817138671875,9.780859375,55.360615253448486
1.052734375,-1.1735595703125001,8.791528320312501,55.38053822517395
0.6998291015625,-1.2381591796875,9.334643554687501,55.41069149971008
0.504833984375,-0.8720947265625001,9.055908203125,55.42092227935791
0.06340332031250001,-1.2142333984375,8.7460693359375,55.44534754753113
0.8409912109375001,-1.0742675781250002,8.927905273437501,55.462488889694214
1.0144531250000002,-1.3410400390625001,9.048730468750001,55.480626583099365
0.43664550781250006,-1.351806640625,8.9673828125,55.5005943775177
-0.0071777343750000005,-1.5025390625000001,8.9566162109375,55.523598194122314
0.10048828125,-1.1580078125000002,8.4697265625,55.54058599472046
0.8936279296875,-0.7381103515625,9.0283935546875,55.56274151802063
0.10288085937500001,0.0825439453125,8.969775390625001,55.58061337471008
0.12919921875,-0.5467041015625,9.017626953125001,55.600695848464966
0.0705810546875,-0.46416015625,8.4278564453125,55.62085843086243
0.1244140625,-0.0011962890625,8.7388916015625,55.64077091217041
0.022729492187500002,-0.4222900390625,8.993701171875001,55.66065764427185
-0.0825439453125,-0.5778076171875001,9.410009765625,55.68288040161133
0.27395019531250003,0.08732910156250001,9.388476562500001,55.700690031051636
0.8074951171875001,-0.0418701171875,8.99609375,55.72067952156067
0.0275146484375,-0.02392578125,8.8944091796875,55.740689277648926
-0.13398437500000002,0.9366943359375001,8.9865234375,55.76069760322571
0.26796875000000003,1.1544189453125,9.1839111328125,55.78067135810852
0.720166015625,0.07536621093750001,8.955419921875,55.8008029460907
0.2906982421875,0.3768310546875,9.107348632812501,55.82109999656677
-0.20456542968750002,-0.0610107421875,10.06796875,55.84080934524536
-0.05981445312500001,0.1303955078125,8.5259521484375,55.86078953742981
0.6077148437500001,0.6567626953125001,8.6994140625,55.8808012008667
0.8649169921875001,-0.1543212890625,9.601416015625,55.9008412361145
0.63642578125,-0.184228515625,9.956713867187501,55.920849323272705
-0.21533203125000003,0.25361328125000004,8.364453125,55.94089102745056
0.039477539062500004,-0.11125488281250001,8.567822265625,55.9608314037323
0.014355468750000001,-0.27275390625,9.51767578125,55.980804204940796
-0.0095703125,0.179443359375,8.647973632812501,56.00086808204651
0.38759765625000003,0.12800292968750002,8.859716796875,56.02086114883423
0.07177734375,-0.07177734375,8.87646484375,56.04130148887634
0.4222900390625,-0.35170898437500003,8.7939208984375,56.06106185913086
0.098095703125,-0.6412109375,9.299951171875001,56.08143734931946
-0.404345703125,-0.1040771484375,9.705493164062501,56.100988149642944
0.3959716796875,-0.7859619140625,9.6504638671875,56.121363162994385
1.141259765625,-0.35769042968750003,9.898095703125001,56.14353847503662
0.6412109375,0.1423583984375,9.238940429687501,56.161856174468994
-0.52158203125,0.41630859375,8.528344726562501,56.18108296394348
0.624462890625,0.24643554687500002,8.9925048828125,56.2009859085083
0.356494140625,-0.30744628906250004,9.310717773437501,56.22086954116821
-0.16269531250000002,-0.07895507812500001,8.8609130859375,56.25045132637024
-0.514404296875,-0.1830322265625,9.2796142578125,56.26314973831177
0.1830322265625,-0.30625,9.575097656250001,56.2825231552124
1.375732421875,0.26318359375,9.1647705078125,56.302772998809814
0.5419189453125001,-0.7716064453125001,9.509301757812501,56.32114911079407
0.48330078125000003,-0.657958984375,9.314306640625,56.34296488761902
0.42587890625,-0.19379882812500002,9.0523193359375,56.36110234260559
0.050244140625,-0.15073242187500002,8.964990234375001,56.3831741809845
0.6735107421875001,-0.28591308593750003,9.146826171875,56.40108275413513
-0.600537109375,-0.5120117187500001,9.2796142578125,56.421088218688965
0.16389160156250002,-0.6125,8.835791015625,56.44692778587341
-0.1303955078125,-0.69384765625,9.29755859375,56.46221470832825
0.45698242187500004,-0.5347412109375,9.721044921875,56.48432779312134
0.06699218750000001,-0.672314453125,9.329858398437501,56.50166368484497
-0.5969482421875001,-0.8553466796875001,9.567919921875001,56.52138161659241
0.8948242187500001,0.22849121093750002,8.728125,56.54126954078674
0.30983886718750003,-0.275146484375,9.856225585937501,56.56133675575256
-0.41630859375,-0.0610107421875,8.492456054687501,56.58128309249878
0.47731933593750003,-0.42946777343750003,8.75205078125,56.601285219192505
-0.08493652343750001,-0.4342529296875,10.847949218750001,56.621336221694946
-0.24165039062500002,-0.7165771484375001,9.48896484375,56.64121723175049
-0.20336914062500003,-0.629248046875,9.718652343750001,56.66133785247803
0.21533203125000003,-0.28591308593750003,9.048730468750001,56.68142914772034
0.4916748046875,0.22131347656250003,8.2986572265625,56.701571226119995
-0.58857421875,-0.42587890625,10.0452392578125,56.72149181365967
-0.019140625,0.2763427734375,8.0833251953125,56.74146556854248
0.2069580078125,0.46535644531250003,9.244921875000001,56.76234745979309
0.39956054687500003,-0.3349609375,9.744970703125,56.78143525123596
-0.43903808593750004,-0.12680664062500002,8.0570068359375,56.8014452457428
-0.12082519531250001,-0.23447265625000002,9.984228515625,56.82149410247803
0.39118652343750004,-0.24643554687500002,9.4710205078125,56.8414351940155
-0.3349609375,-0.46655273437500006,9.6313232421875,56.86156249046326
0.3541015625,0.0179443359375,9.701904296875,56.88152074813843
-0.16987304687500002,0.248828125,8.868090820312501,56.901517152786255
-0.1160400390625,-0.17705078125,8.759228515625,56.92193818092346
-0.10766601562500001,0.31342773437500004,8.6671142578125,56.94151258468628
-0.3146240234375,-0.0921142578125,9.92919921875,56.96310377120972
0.1830322265625,-0.275146484375,9.5834716796875,56.98205494880676
-0.6077148437500001,-0.05981445312500001,9.031982421875,57.04430651664734
0.26198730468750003,-0.2643798828125,8.8704833984375,57.046831369400024
0.1160400390625,-0.3146240234375,8.887231445312501,57.046838998794556
-0.04306640625,-0.21054687500000002,10.560839843750001,57.06165909767151
-0.013159179687500001,-0.0095703125,8.7580322265625,57.08247756958008
0.6041259765625,0.031103515625,9.520068359375001,57.10170817375183
0.20576171875000002,-0.17585449218750002,9.7916259765625,57.12168622016907
0.035888671875,0.27395019531250003,8.70419921875,57.14724254608154
-0.26198730468750003,0.5670410156250001,9.323876953125001,57.163798332214355
0.8122802734375001,0.44741210937500003,8.529541015625,57.182538747787476
0.2667724609375,-0.47731933593750003,9.780859375,57.202418088912964
0.2141357421875,-0.6077148437500001,10.0392578125,57.22173237800598
0.13996582031250002,-0.342138671875,9.7138671875,57.24169063568115
-0.31940917968750004,-0.370849609375,9.561938476562501,57.26409149169922
0.7739990234375,-0.21174316406250002,8.242431640625,57.29088592529297
0.3146240234375,0.42468261718750006,9.658837890625001,57.304633140563965
0.2930908203125,0.2524169921875,9.5308349609375,57.323121786117554
-0.3241943359375,0.7668212890625,8.671899414062501,57.341999769210815
0.23327636718750003,1.093408203125,9.359765625000001,57.361812114715576
-0.11484375000000001,2.73232421875,8.959008789062501,57.381765842437744
0.6304443359375,2.5265625000000003,8.329760742187501,57.405900716781616
0.5084228515625,1.9080810546875002,9.7150634765625,57.421945095062256
-0.5060302734375001,2.868701171875,8.450585937500001,57.441813468933105
0.5610595703125001,2.0193359375,8.831005859375,57.46934461593628
0.3241943359375,1.5420166015625,10.215112304687501,57.481956481933594
0.19379882812500002,1.7214599609375,9.3202880859375,57.501925230026245
0.41271972656250006,1.40205078125,9.362158203125,57.52193522453308
0.6519775390625,0.8015136718750001,9.7342041015625,57.54188776016235
0.8027099609375,0.40913085937500004,9.055908203125,57.561928033828735
0.21772460937500002,0.26557617187500004,9.30712890625,57.58211278915405
0.8242431640625001,0.8182617187500001,8.9614013671875,57.60220193862915
0.287109375,0.4462158203125,9.051123046875,57.622066020965576
0.9869384765625001,0.784765625,8.6096923828125,57.64197492599487
-0.6519775390625,-0.7309326171875,9.910058593750001,57.6650173664093
1.5515869140625,-0.28232421875,8.3931640625,57.68200325965881
1.1592041015625,0.026318359375000003,9.162377929687501,57.702030181884766
-0.24404296875,-0.9307128906250001,10.087109375,57.72206354141235
1.055126953125,-0.97138671875,9.390869140625,57.74250340461731
0.5778076171875001,-0.509619140625,8.728125,57.762067794799805
0.6878662109375,-0.9319091796875001,9.850244140625001,57.78273272514343
0.20456542968750002,-0.184228515625,8.5977294921875,57.80356216430664
0.7620361328125,-0.5921630859375,8.79990234375,57.822163343429565
0.46894531250000004,-0.815869140625,9.167163085937501,57.84227538108826
0.59814453125,-0.5036376953125,8.6802734375,57.862244606018066
0.8577392578125,-0.8661132812500001,9.5188720703125,57.88439083099365
0.2787353515625,-0.64599609375,9.2006591796875,57.911577224731445
0.15073242187500002,-0.3959716796875,9.005664062500001,57.92216873168945
0.887646484375,-0.172265625,9.0020751953125,57.94211196899414
0.5754150390625,0.05981445312500001,9.095385742187501,57.962191104888916
0.05981445312500001,-0.2583984375,8.811865234375,57.982454776763916
0.7273437500000001,-0.41152343750000003,8.8728759765625,58.003294706344604
0.10048828125,-0.22131347656250003,9.197070312500001,58.022297620773315
1.1017822265625001,-0.47373046875,9.377709960937501,58.04244661331177
0.366064453125,-0.2021728515625,9.1336669921875,58.0623893737793
0.0071777343750000005,-0.40314941406250004,9.2772216796875,58.0824408531189
0.7153808593750001,0.00478515625,9.0858154296875,58.106330156326294
0.59814453125,0.10168457031250001,8.86689453125,58.12584853172302
0.6316406250000001,-0.011962890625,9.0164306640625,58.15112638473511
0.0705810546875,0.2189208984375,8.6742919921875,58.16301918029785
0.45458984375000006,-0.0107666015625,9.4399169921875,58.18403482437134
0.9127685546875001,-0.1734619140625,9.5224609375,58.20351457595825
0.15791015625000002,-0.26796875000000003,9.502124023437501,58.22518610954285
0.189013671875,-0.2524169921875,9.5607421875,58.242485761642456
0.8122802734375001,0.095703125,8.630029296875001,58.26234674453735
0.45698242187500004,0.122021484375,9.199462890625,58.282594203948975
0.8374023437500001,0.3122314453125,8.7699951171875,58.30352163314819
0.3648681640625,0.0610107421875,8.630029296875001,58.323620319366455
0.8338134765625,-0.1734619140625,9.1480224609375,58.34364175796509
0.8625244140625,-0.260791015625,8.63720703125,58.36492609977722
0.3648681640625,-0.765625,9.400439453125001,58.38250732421875
0.31582031250000003,-0.7464843750000001,9.7102783203125,58.40248131752014
0.681884765625,-0.37324218750000004,9.132470703125001,58.42255401611328
0.47133789062500003,-0.6615478515625001,9.2293701171875,58.442729234695435
0.6436035156250001,-0.3349609375,8.845361328125001,58.462697982788086
0.0945068359375,-0.30146484375000004,9.1121337890625,58.48284435272217
0.4557861328125,-0.44143066406250003,8.8489501953125,58.50266742706299
0.8900390625000001,-0.68427734375,9.008056640625,58.5226936340332
0.6447998046875001,-0.7261474609375,9.418383789062501,58.542582988739014
0.8577392578125,-0.437841796875,9.340625000000001,58.562593936920166
0.20336914062500003,-0.2572021484375,8.8345947265625,58.58260774612427
0.9857421875000001,-0.342138671875,9.222192382812501,58.60262870788574
0.5012451171875001,0.18662109375000002,8.792724609375,58.62257742881775
0.0765625,-0.28950195312500004,8.9135498046875,58.642619371414185
0.15671386718750002,0.0322998046875,8.902783203125,58.66272950172424
0.24404296875,-0.1830322265625,9.250903320312501,58.68273448944092
0.593359375,-0.1064697265625,9.276025390625001,58.7038676738739
0.33376464843750003,-0.12800292968750002,9.059497070312501,58.72336959838867
0.07895507812500001,0.058618164062500006,9.130078125,58.7428183555603
1.0969970703125,-0.3959716796875,9.27841796875,58.76286435127258
0.514404296875,-0.13996582031250002,8.612084960937501,58.783130407333374
0.5706298828125,0.051440429687500004,9.1049560546875,58.80709910392761
0.24643554687500002,-0.0478515625,8.91474609375,58.822774171829224
0.21533203125000003,0.0945068359375,9.2413330078125,58.84321641921997
0.844580078125,-0.0921142578125,9.317895507812501,58.862812519073486
0.0370849609375,-0.11364746093750001,9.286791992187501,58.88281750679016
0.2691650390625,-0.179443359375,9.443505859375001,58.90281701087952
0.815869140625,0.10527343750000001,9.075048828125,58.92345118522644
0.7584472656250001,0.19978027343750002,8.764013671875,58.943089723587036
0.41630859375,-0.0861328125,9.2843994140625,58.96307134628296
0.3026611328125,0.10048828125,8.664721679687501,58.98293328285217
0.5012451171875001,-0.22490234375,9.394458007812501,59.0046169757843
0.648388671875,-0.21054687500000002,9.4112060546875,59.02305221557617
0.41511230468750004,-0.657958984375,9.783251953125001,59.17073202133179
-0.4677490234375,-0.32180175781250003,9.0571044921875,59.17846417427063
0.5873779296875,0.20456542968750002,9.30234375,59.17847180366516
0.7165771484375001,0.0442626953125,8.909960937500001,59.17847514152527
0.6555664062500001,-0.02392578125,9.0762451171875,59.1784782409668
-0.4462158203125,-0.0681884765625,8.988916015625001,59.178481101989746
0.7393066406250001,0.0071777343750000005,8.823828125,59.18015122413635
0.6914550781250001,-0.10048828125,8.9685791015625,59.185178995132446
0.35529785156250004,-0.41152343750000003,9.191088867187501,59.20782542228699
0.42109375000000004,-0.61728515625,9.61337890625,59.225401639938354
0.5562744140625,-0.10048828125,9.119311523437501,59.25912690162659
1.093408203125,-0.10886230468750001,8.939868164062501,59.26290941238403
0.275146484375,0.0095703125,9.3681396484375,59.287846326828
0.28232421875,0.058618164062500006,8.929101562500001,59.30441737174988
0.18183593750000002,0.275146484375,8.927905273437501,59.32930088043213
0.5431152343750001,0.5431152343750001,8.576196289062501,59.36235022544861
1.3709472656250001,1.00966796875,9.400439453125001,59.379358768463135
-0.6782958984375,0.5610595703125001,8.802294921875001,59.384106397628784
0.648388671875,0.34333496093750004,9.753344726562501,59.4032244682312
0.648388671875,0.95224609375,8.94345703125,59.42426919937134
0.39956054687500003,0.8110839843750001,9.430346679687501,59.44695448875427
0.2308837890625,0.7309326171875,9.090600585937501,59.46738147735596
0.6256591796875001,1.213037109375,8.850146484375001,59.48349046707153
0.47492675781250004,0.5754150390625,9.3848876953125,59.50843596458435
1.2788330078125,1.1340820312500002,9.0092529296875,59.52879810333252
-0.11364746093750001,0.6759033203125,8.851342773437501,59.55338501930237
0.753662109375,-0.7357177734375,9.429150390625,59.56691908836365
0.356494140625,-0.3289794921875,9.4829833984375,59.59705114364624
0.672314453125,0.1064697265625,9.3501953125,59.60666036605835
0.41271972656250006,-0.610107421875,9.0571044921875,59.62582993507385
0.294287109375,-0.33376464843750003,9.180322265625001,59.65265703201294
0.959423828125,0.6830810546875,8.881250000000001,59.6652557849884
0.5909667968750001,0.1040771484375,9.285595703125,59.69171667098999
0.37922363281250004,-0.294287109375,9.1815185546875,59.70479679107666
0.562255859375,0.18781738281250002,9.0331787109375,59.72913074493408
0.5825927734375,-0.1244140625,9.343017578125,59.74661374092102
0.7476806640625,-0.5120117187500001,9.668408203125,59.766881465911865
0.413916015625,-0.2021728515625,8.9972900390625,59.78496074676514
0.59814453125,-0.0155517578125,8.9685791015625,59.81313371658325
0.8972167968750001,0.18662109375000002,8.7508544921875,59.82381463050842
0.33376464843750003,0.36127929687500004,9.114526367187501,59.848905086517334
0.648388671875,0.0,9.1109375,59.86386442184448
0.25600585937500003,-0.19140625,9.321484375,59.89733362197876
0.6615478515625001,-0.44860839843750006,9.400439453125001,59.90366268157959
0.8852539062500001,-0.7428955078125,9.857421875,60.02767562866211
0.48928222656250003,-0.2787353515625,9.2126220703125,60.02768301963806
0.6639404296875,-0.10527343750000001,9.222192382812501,60.02768611907959
0.6759033203125,0.3002685546875,8.831005859375,60.02768874168396
0.5431152343750001,0.17585449218750002,9.027197265625,60.02769160270691
1.4534912109375,-0.1351806640625,9.401635742187501,60.02862763404846
-0.35769042968750003,-0.45458984375000006,9.266455078125,60.04826354980469
0.68427734375,-0.6029296875000001,9.601416015625,60.06937050819397
1.232177734375,-0.1064697265625,9.047534179687501,60.08373522758484
0.18063964843750002,-0.7261474609375,9.869384765625,60.10545206069946
0.610107421875,0.270361328125,8.911157226562501,60.12380933761597
1.1663818359375,0.2667724609375,9.108544921875001,60.15093731880188
0.19978027343750002,0.1854248046875,9.108544921875001,60.16682982444763
0.8254394531250001,-0.0801513671875,8.694628906250001,60.28936266899109
-0.04306640625,-0.28352050781250004,9.474609375,60.28937339782715
0.7022216796875,-0.083740234375,8.9374755859375,60.28937864303589
0.46655273437500006,-0.43544921875000003,9.984228515625,60.28938388824463
0.7572509765625001,-0.026318359375000003,9.0929931640625,60.28938865661621
0.40554199218750003,-0.13278808593750002,9.455468750000001,60.29100322723389
0.7165771484375001,0.21533203125000003,8.644384765625,60.304116010665894
1.0180419921875001,0.16389160156250002,9.1217041015625,60.3243727684021
1.1460449218750002,-0.38520507812500004,8.9183349609375,60.34854578971863
-0.41750488281250003,-0.7907470703125,8.938671875,60.363858222961426
1.1544189453125,-0.9103759765625,9.811962890625,60.383787870407104
0.07177734375,-0.6208740234375001,8.9781494140625,60.40382719039917
0.7859619140625,-1.303955078125,9.748559570312501,60.42486619949341
0.7213623046875001,-0.6543701171875,8.833398437500001,60.44437122344971
0.50244140625,-0.6495849609375001,9.091796875,60.46618032455444
0.45458984375000006,-0.8780761718750001,8.7388916015625,60.48902130126953
0.8170654296875001,-0.5395263671875,8.7388916015625,60.50444316864014
0.5754150390625,-0.9857421875000001,9.4805908203125,60.52384948730469
0.5598632812500001,-0.9534423828125,9.2197998046875,60.546963691711426
0.6352294921875,-0.7632324218750001,9.436328125000001,60.564072608947754
0.720166015625,-0.80390625,9.1575927734375,60.5840790271759
0.8673095703125001,-0.0370849609375,9.287988281250001,60.60407638549805
-0.07895507812500001,0.413916015625,8.7628173828125,60.62691330909729
0.4342529296875,0.1662841796875,9.0810302734375,60.64394402503967
0.46296386718750004,0.131591796875,8.9614013671875,60.663971185684204
0.90439453125,-0.057421875000000004,9.2485107421875,60.68399977684021
0.42109375000000004,-0.035888671875,9.031982421875,60.70398545265198
0.3349609375,0.033496093750000004,9.130078125,60.724010705947876
1.2070556640625,0.1256103515625,9.213818359375,60.74480676651001
0.61728515625,0.0107666015625,9.1886962890625,60.76472330093384
0.8900390625000001,0.18662109375000002,9.096582031250001,60.78522777557373
0.31103515625,0.5191894531250001,9.053515625000001,60.80434536933899
0.8385986328125,0.6208740234375001,8.8776611328125,60.8241229057312
0.35170898437500003,0.06220703125,9.390869140625,60.84406876564026
-0.165087890625,-0.03828125,9.298754882812501,60.86417508125305
0.5802001953125,-0.1471435546875,9.089404296875001,60.887749910354614
1.0132568359375,0.0442626953125,9.419580078125001,60.904218912124634
0.4677490234375,0.12800292968750002,9.005664062500001,60.92413949966431
0.5658447265625001,0.013159179687500001,9.1958740234375,60.94416069984436
0.36127929687500004,0.401953125,8.89560546875,60.96416258811951
0.8613281250000001,0.54072265625,8.8417724609375,60.9841947555542
0.38759765625000003,-0.141162109375,9.072656250000001,61.00453519821167
0.401953125,-0.29189453125000003,9.478198242187501,61.02436804771423
-0.039477539062500004,0.1040771484375,9.2054443359375,61.04436159133911
0.7464843750000001,-0.30983886718750003,9.410009765625,61.064276695251465
0.8326171875,-0.40554199218750003,9.740185546875,61.08439064025879
0.586181640625,-0.15073242187500002,8.797509765625001,61.10457134246826
-0.136376953125,-0.3409423828125,9.107348632812501,61.12433481216431
0.5239746093750001,0.18063964843750002,9.126489257812501,61.14525055885315
0.7476806640625,0.09929199218750001,8.9207275390625,61.16688942909241
0.0490478515625,-0.401953125,9.4686279296875,61.185428619384766
-0.064599609375,0.00478515625,8.815454101562501,61.20497989654541
0.6328369140625001,-0.4438232421875,9.6181640625,61.224424600601196
0.6316406250000001,-0.600537109375,9.9184326171875,61.24437618255615
0.44143066406250003,-0.342138671875,9.051123046875,61.265296936035156
0.074169921875,-0.2811279296875,9.2317626953125,61.28445482254028
0.44143066406250003,0.2883056640625,8.7341064453125,61.30444836616516
0.9366943359375001,-0.26198730468750003,8.457763671875,61.32485270500183
0.2380615234375,-2.476318359375,9.591845703125001,61.34441590309143
-0.1435546875,-2.4069335937500003,9.05830078125,61.366825342178345
0.30385742187500003,-2.7418945312500003,9.563134765625001,61.385098934173584
0.964208984375,-2.935693359375,9.760522460937501,61.40449786186218
0.5490966796875001,-2.8483642578125004,8.600122070312501,61.42450666427612
0.40075683593750006,-2.3351562500000003,9.142041015625,61.44493889808655
-0.322998046875,-3.01943359375,9.30712890625,61.46835374832153
-0.2380615234375,-3.0971923828125,9.8,61.484824895858765
-0.074169921875,-2.7095947265625,8.931494140625,61.50879096984863
0.36965332031250003,-3.1534179687500004,9.527246093750001,61.52468752861023
-1.0120605468750001,-2.9775634765625,11.302539062500001,61.54468011856079
-0.8984130859375,-1.7645263671875002,7.811767578125001,61.56472206115723
0.38161621093750003,-0.765625,8.198168945312501,61.58481431007385
-1.3314697265625002,-2.3291748046875003,11.3133056640625,61.60476493835449
-0.8708984375000001,-2.42607421875,8.533129882812501,61.62479019165039
-2.0037841796875,-0.708203125,8.65634765625,61.64505434036255
-0.8218505859375,0.3923828125,10.443603515625,61.66642737388611
-0.9450683593750001,-1.36376953125,9.274829101562501,61.68487596511841
-2.1365722656250004,0.3361572265625,10.7869384765625,61.7070209980011
-1.045556640625,-0.155517578125,7.249511718750001,61.724820613861084
-2.5205810546875003,-0.7859619140625,9.3561767578125,61.74479603767395
-0.19858398437500002,-0.21652832031250002,10.938867187500001,61.76486349105835
-0.672314453125,0.610107421875,5.510107421875,61.784836530685425
-2.198779296875,0.35529785156250004,11.141040039062501,61.804853439331055
-0.19978027343750002,-0.058618164062500006,11.5262451171875,61.82516551017761
-1.07666015625,2.2107421875,6.0065673828125,61.84485077857971
-0.9989013671875001,1.117333984375,9.5667236328125,61.86484742164612
-1.3936767578125,0.0418701171875,10.45078125,61.88492202758789
-0.5239746093750001,1.1472412109375,8.58935546875,61.905147314071655
-1.031201171875,0.10527343750000001,10.1457275390625,61.92506766319275
-0.42109375000000004,0.38759765625000003,8.054614257812501,61.94499921798706
-0.6555664062500001,0.7428955078125,10.175634765625,61.96493124961853
-1.2668701171875,0.3361572265625,8.575000000000001,61.9860405921936
0.1351806640625,1.2644775390625,8.070166015625,62.004910945892334
-0.5191894531250001,0.6388183593750001,9.61337890625,62.02494812011719
-0.533544921875,-0.7895507812500001,10.2294677734375,62.04495048522949
-0.7381103515625,-0.019140625,8.7101806640625,62.064913272857666
-0.3720458984375,0.12082519531250001,9.563134765625001,62.08510160446167
0.06938476562500001,-0.753662109375,8.9805419921875,62.10574817657471
-0.8242431640625001,-0.0562255859375,9.3801025390625,62.12520694732666
-0.6316406250000001,0.1543212890625,8.632421875,62.14659523963928
0.5395263671875,0.0011962890625,10.221093750000001,62.16549110412598
-0.6866699218750001,-0.428271484375,8.2197021484375,62.18583059310913
-0.8433837890625001,0.516796875,8.330957031250001,62.20665431022644
-0.9151611328125001,-0.3361572265625,10.239038085937501,62.22542929649353
-0.13278808593750002,-0.8589355468750001,8.8944091796875,62.244943380355835
-0.50244140625,-0.452197265625,8.9805419921875,62.26509356498718
-0.2141357421875,0.040673828125000006,10.346704101562501,62.28919696807861
-0.6747070312500001,-1.3769287109375001,9.807177734375001,62.305089712142944
-1.318310546875,-0.179443359375,9.6624267578125,62.32520008087158
-0.2009765625,0.8433837890625001,7.835693359375001,62.34548902511597
1.1460449218750002,1.0874267578125,9.37890625,62.3653781414032
-1.6425048828125002,2.4117187500000004,8.8848388671875,62.39024996757507
-0.2906982421875,2.1317871093750003,8.540307617187501,62.40510082244873
0.705810546875,2.1246093750000004,9.3250732421875,62.42853879928589
-0.34453125,2.863916015625,9.740185546875,62.44868087768555
-0.3050537109375,3.2239990234375004,8.144335937500001,62.46834850311279
-0.14833984375,3.084033203125,10.0787353515625,62.48695921897888
0.0035888671875000003,2.10546875,9.114526367187501,62.50597858428955
0.44860839843750006,2.3734375,9.075048828125,62.52595853805542
-0.00478515625,2.4655517578125004,8.706591796875001,62.545687198638916
0.5658447265625001,1.2656738281250002,9.283203125,62.56542634963989
-0.014355468750000001,1.1520263671875002,9.3250732421875,62.586647748947144
0.38161621093750003,1.0611083984375,8.851342773437501,62.605623960494995
0.0777587890625,0.7907470703125,9.3501953125,62.62913417816162
2.392578125,-0.346923828125,8.6431884765625,62.645403146743774
-0.9941162109375,-0.034692382812500006,9.461450195312501,62.665424823760986
0.8290283203125001,-0.1734619140625,8.9482421875,62.6854612827301
0.657958984375,-0.260791015625,9.314306640625,62.70531940460205
0.380419921875,-0.1902099609375,8.62763671875,62.725406885147095
0.868505859375,-1.3111328125000001,9.5882568359375,62.74548149108887
0.44741210937500003,-0.42587890625,8.271142578125001,62.76548171043396
-0.0107666015625,-1.35419921875,9.6839599609375,62.785770654678345
0.935498046875,-1.2345703125,9.4470947265625,62.80574870109558
0.40673828125000006,-1.2393554687500001,9.0977783203125,62.82570195198059
0.0897216796875,-1.1113525390625,9.1599853515625,62.845556020736694
0.098095703125,-0.6436035156250001,9.0822265625,62.86548161506653
0.772802734375,-0.49047851562500006,8.687451171875,62.88555645942688
0.605322265625,-0.9307128906250001,9.48896484375,62.90557384490967
0.06938476562500001,-0.6471923828125,9.226977539062501,62.925556659698486
-0.1435546875,-0.8936279296875,9.78564453125,62.94559168815613
0.8122802734375001,-0.6436035156250001,8.9805419921875,62.965657472610474
0.10048828125,-0.5060302734375001,9.4399169921875,62.98644757270813
0.47731933593750003,0.16987304687500002,9.0571044921875,63.00576114654541
0.46057128906250006,0.5873779296875,8.348901367187501,63.025673627853394
0.2667724609375,0.37802734375,9.341821289062501,63.0618691444397
0.3541015625,-0.19978027343750002,9.430346679687501,63.06569027900696
0.03828125,-0.021533203125,9.0140380859375,63.085785150527954
0.3170166015625,-0.3122314453125,9.242529296875,63.10693645477295
1.1663818359375,-0.00478515625,9.394458007812501,63.12623596191406
0.208154296875,0.10766601562500001,9.616967773437501,63.14928317070007
0.11125488281250001,0.0,9.21142578125,63.16940522193909
-0.270361328125,0.232080078125,8.96259765625,63.190593957901
0.765625,0.6125,9.22578125,63.20597839355469
0.8182617187500001,0.356494140625,8.897998046875001,63.227492332458496
0.31342773437500004,0.189013671875,9.1121337890625,63.246588945388794
0.06938476562500001,-0.083740234375,8.807080078125,63.26870131492615
0.11005859375,-0.2380615234375,9.6361083984375,63.28700804710388
0.9103759765625,-0.3409423828125,9.6181640625,63.307135343551636
-0.112451171875,0.44860839843750006,8.97216796875,63.328856229782104
0.6376220703125001,-0.9151611328125001,9.449487304687501,63.34615778923035
0.35888671875,-0.7692138671875001,9.199462890625,63.36583733558655
0.5036376953125,-2.069580078125,9.191088867187501,63.38583207130432
0.5598632812500001,-2.103076171875,9.2006591796875,63.407201051712036
0.1949951171875,-1.571923828125,8.683862304687501,63.4261577129364
0.3265869140625,-2.44521484375,9.5834716796875,63.44792103767395
1.1472412109375,-1.9978027343750002,9.383691406250001,63.467490673065186
0.35529785156250004,-1.8434814453125001,9.2174072265625,63.4865448474884
0.0322998046875,-1.8123779296875002,9.500927734375,63.508458852767944
-0.31582031250000003,-2.1066650390625004,9.620556640625,63.526164531707764
0.058618164062500006,-1.748974609375,8.252001953125001,63.54606556892395
-0.058618164062500006,-1.5599609375,8.402734375000001,63.568042278289795
-0.7560546875,-2.5923583984375003,11.028588867187501,63.586020946502686
-0.20456542968750002,-0.9103759765625,7.604809570312501,63.60684132575989
0.5490966796875001,-1.3577880859375,9.748559570312501,63.626046657562256
-1.3266845703125,-1.6233642578125,9.944750976562501,63.64606332778931
-1.0048828125,0.71298828125,7.5234619140625005,63.66602063179016
-0.5682373046875,-0.42468261718750006,9.6432861328125,63.686338901519775
0.09689941406250001,-1.091015625,9.837084960937501,63.706258058547974
-0.33137207031250004,0.16987304687500002,8.433837890625,63.72687888145447
-0.232080078125,-0.1375732421875,8.540307617187501,63.74620199203491
-0.7560546875,-0.8505615234375,10.453173828125001,63.7661337852478
-1.088623046875,0.41271972656250006,10.1529052734375,63.78618097305298
0.131591796875,-0.476123046875,8.863305664062501,63.8062264919281
-0.287109375,0.41630859375,8.330957031250001,63.826189041137695
-0.8541503906250001,0.6328369140625001,10.993896484375,63.84628200531006
0.669921875,0.5490966796875001,8.091699218750001,63.86642122268677
-0.42707519531250004,0.9725830078125001,9.131274414062501,63.886749029159546
0.45937500000000003,0.9259277343750001,11.367138671875,63.9065637588501
-0.23566894531250002,0.8828613281250001,6.718359375,63.92633891105652
-0.892431640625,0.112451171875,10.0548095703125,63.94639706611633
0.1614990234375,0.0490478515625,9.5404052734375,63.96630573272705
-0.011962890625,0.2260986328125,8.740087890625,63.98630380630493
0.2524169921875,0.25959472656250004,9.951928710937501,64.00634956359863
0.5550781250000001,0.413916015625,8.625244140625,64.02855372428894
0.141162109375,0.035888671875,9.503320312500001,64.04701709747314
-0.38161621093750003,-0.15671386718750002,10.309619140625001,64.06633710861206
0.0478515625,-0.06220703125,8.3919677734375,64.0864589214325
0.18063964843750002,0.5455078125,8.23046875,64.10637259483337
-0.002392578125,0.021533203125,10.124194335937501,64.12661790847778
-0.2428466796875,-0.12321777343750001,8.792724609375,64.14969372749329
0.232080078125,0.2201171875,8.3154052734375,64.1789059638977
0.013159179687500001,-1.0658935546875001,9.7222412109375,64.18629336357117
-0.772802734375,-0.4498046875,9.8586181640625,64.20658159255981
0.32778320312500003,-0.452197265625,8.628833007812501,64.24609446525574
-0.5730224609375001,-0.7883544921875001,9.9734619140625,64.25057435035706
-0.15671386718750002,0.12919921875,9.582275390625,64.26709699630737
0.013159179687500001,-0.0251220703125,8.730517578125001,64.28655529022217
0.0095703125,-0.3050537109375,9.414794921875,64.30663967132568
0.12800292968750002,-0.5060302734375001,8.314208984375,64.33683753013611
-0.42946777343750003,-1.0431640625,9.616967773437501,64.34701180458069
-0.19379882812500002,-1.0479492187500001,10.3921630859375,64.36986327171326
0.24404296875,-1.5886718750000002,9.24970703125,64.38659381866455
-0.911572265625,-1.2429443359375,8.2029541015625,64.40657353401184
-0.7644287109375001,-0.5311523437500001,9.418383789062501,64.42661833763123
0.6041259765625,-0.753662109375,10.1624755859375,64.44665288925171
-0.1614990234375,-0.33017578125,7.0616943359375,64.46666216850281
-2.0958984375000003,-0.332568359375,10.847949218750001,64.48751950263977
0.7464843750000001,-0.6687255859375001,7.5114990234375005,64.50693702697754
-0.7345214843750001,-0.7273437500000001,9.601416015625,64.52682161331177
-0.6184814453125,-0.8338134765625,11.249902343750001,64.54676127433777
-0.7823730468750001,-1.2166259765625,7.22080078125,64.56680607795715
-0.940283203125,0.11125488281250001,9.041552734375001,64.58810305595398
-0.8541503906250001,-0.021533203125,10.7199462890625,64.60674238204956
-0.6627441406250001,-1.0228271484375,8.089306640625,64.62671160697937
-1.2333740234375001,-0.1614990234375,9.8107666015625,64.64674043655396
-1.02880859375,1.2297851562500002,7.8644042968750005,64.66665458679199
0.0155517578125,-1.1388671875,9.7318115234375,64.68726706504822
-0.7452880859375001,-0.07177734375,9.7198486328125,64.70759272575378
-0.6735107421875001,0.0681884765625,8.683862304687501,64.72673201560974
-0.557470703125,-0.696240234375,8.1060546875,64.7467589378357
-0.6125,0.5706298828125,10.635009765625,64.76693892478943
0.8134765625000001,-0.15791015625000002,9.2485107421875,64.78690385818481
-0.85654296875,-0.47253417968750006,6.851147460937501,64.80676460266113
-1.3817138671875,1.102978515625,10.2701416015625,64.82676649093628
0.1495361328125,0.0562255859375,9.206640625,64.84829950332642
-0.18183593750000002,-0.22131347656250003,9.405224609375,64.86683940887451
-1.160400390625,1.1137451171875001,9.0690673828125,64.88692593574524
-0.6890625,-0.095703125,7.5521728515625,64.90696263313293
0.0825439453125,-0.028710937500000002,10.7031982421875,64.92695593833923
-0.9905273437500001,0.42468261718750006,8.6336181640625,64.95007872581482
-1.2142333984375,-0.208154296875,10.3012451171875,64.96704196929932
-1.284814453125,0.5203857421875,8.628833007812501,64.9871232509613
-0.6759033203125,0.04306640625,8.814257812500001,65.00730633735657
-1.0611083984375,-0.9654052734375,10.4794921875,65.02737379074097
-0.28591308593750003,-0.1902099609375,9.23056640625,65.04726505279541
-0.9618164062500001,0.0251220703125,8.448193359375,65.06723165512085
-0.8553466796875001,0.22729492187500003,10.526147460937501,65.0873794555664
-0.19260253906250002,-0.6388183593750001,9.1934814453125,65.10714268684387
-0.8242431640625001,0.36845703125,8.8010986328125,65.1271984577179
-0.028710937500000002,0.27275390625,9.2724365234375,65.15048623085022
-0.136376953125,-0.07895507812500001,8.6551513671875,65.1671769618988
-0.29548339843750004,-0.3050537109375,8.856127929687501,65.18851733207703
0.2548095703125,-0.022729492187500002,10.4519775390625,65.20765566825867
-0.27753906250000004,-1.1639892578125002,9.508105468750001,65.2272834777832
-0.09929199218750001,0.19619140625,9.431542968750001,65.24739599227905
-0.366064453125,-0.22250976562500002,10.161279296875001,65.27340817451477
0.48449707031250006,-0.4821044921875,10.058398437500001,65.2909734249115
-0.1662841796875,-0.45937500000000003,8.476904296875,65.30877733230591
-0.6950439453125,1.05751953125,8.6431884765625,65.32825183868408
0.18063964843750002,2.5624511718750003,11.100366210937501,65.34727048873901
-1.4510986328125002,4.0446533203125,7.3129150390625,65.36718153953552
-0.06938476562500001,3.0924072265625004,9.825122070312501,65.38723468780518
-0.41271972656250006,3.8652099609375004,8.8178466796875,65.4072036743164
-0.046655273437500006,3.617578125,9.3155029296875,65.42722606658936
1.0252197265625,4.554272460937501,10.1289794921875,65.44724345207214
0.5227783203125,3.6259521484375004,8.993701171875001,65.46747517585754
0.40673828125000006,4.256396484375,9.467431640625001,65.48732805252075
0.5790039062500001,3.9680908203125003,8.8465576171875,65.50932312011719
0.7022216796875,1.8985107421875,8.48408203125,65.52754330635071
0.0765625,-0.5634521484375,10.405322265625001,65.54952836036682
0.8134765625000001,0.8242431640625001,8.5594482421875,65.56959843635559
0.6615478515625001,0.07297363281250001,9.1647705078125,65.58777713775635
0.6352294921875,-0.6639404296875,9.5116943359375,65.60724186897278
0.557470703125,-0.19978027343750002,8.975756835937501,65.62814831733704
0.020336914062500003,-0.5778076171875001,9.271240234375,65.64745950698853
1.0826416015625,-0.5706298828125,8.939868164062501,65.66768145561218
0.34931640625000004,-0.2572021484375,8.9901123046875,65.68744850158691
0.7572509765625001,-0.6089111328125001,9.168359375000001,65.70767331123352
0.06699218750000001,-0.0095703125,9.065478515625001,65.72759127616882
0.8517578125,0.232080078125,9.2317626953125,65.74745082855225
0.8792724609375001,-0.4701416015625,9.4040283203125,65.77052927017212
0.4797119140625,-0.3720458984375,9.226977539062501,65.78824400901794
0.45100097656250004,0.11125488281250001,9.060693359375001,65.8074963092804
0.7895507812500001,0.3840087890625,8.7771728515625,65.82749581336975
0.3146240234375,0.3624755859375,8.9482421875,65.84754681587219
1.4439208984375,-0.8146728515625,8.6144775390625,65.86747932434082
-0.19260253906250002,-0.12321777343750001,9.268847656250001,65.88833165168762
1.2273925781250001,-0.50244140625,9.8777587890625,65.90824007987976
0.8433837890625001,-0.18662109375000002,9.220996093750001,65.9295346736908
0.4677490234375,-0.26796875000000003,9.008056640625,65.94765329360962
0.576611328125,0.389990234375,9.424365234375001,65.9692325592041
0.8613281250000001,0.38520507812500004,8.9087646484375,65.98842859268188
0.4222900390625,0.17465820312500002,8.596533203125,66.00764226913452
1.1783447265625,-1.1221191406250002,9.627734375000001,66.02759575843811
0.172265625,-0.07297363281250001,8.931494140625,66.04764556884766
0.40314941406250004,-0.8720947265625001,9.73779296875,66.07023787498474
1.5791015625000002,-0.5359375000000001,9.179125976562501,66.08781456947327
1.0383789062500002,-0.002392578125,9.3370361328125,66.11090803146362
0.56943359375,0.0921142578125,8.923120117187501,66.12775158882141
